7.030383104014261472e-04
1.092995332174646547e-03
5.387943778392425241e-04
7.274550729267680385e-04
6.889477771305234279e-04
3.313792526315902077e-04
3.450751186950271401e-04
3.796621660620392398e-04
3.853902773485746568e-04
3.329690373337026608e-04
4.196702115867329691e-04
7.850653390883591091e-04
7.761071049258503989e-04
3.516635969547323229e-03
1.636778729883743913e-03
0.000000000000000000e+00
1.298468843874939866e-03
7.058472803102018144e-04
9.437867701586440594e-04
1.013194691306431834e-03
5.691039189268512271e-04
4.603961815888370809e-04
4.805428714968314413e-04
4.158151043475916456e-04
3.770696209075654389e-04
4.662045461674874406e-04
1.030910224702648531e-03
9.410506539556048617e-04
2.730605117943801091e-03
1.179071673136971362e-03
1.770898154027768755e-03
1.981451689171750442e-03
8.472919020534165711e-04
6.170149686196078464e-04
9.957187222306707053e-04
5.179022577474694071e-04
3.808975421348650449e-04
5.699148294261843425e-04
3.860411986530026839e-04
3.850779706030122958e-04
6.463746100518448848e-04
1.252041617477545835e-03
7.732640258754912722e-04
3.871666868194954033e-03
9.669568849372378984e-04
5.865247985480604104e-04
2.307766975542687587e-03
1.293029289344512552e-03
1.107197476433764488e-03
9.824193012729384548e-04
6.718807418574649151e-04
5.297692738158460033e-04
5.218062205207701400e-04
5.855000721926833379e-04
5.750533123124514654e-04
7.297853543901903096e-04
1.091865529533364880e-03
9.708013470795459621e-04
2.657342484071031994e-03
1.474841783249234090e-03
5.372415164006335599e-04
2.340344482471932476e-03
1.348970696033211219e-03
1.229195775412202313e-03
1.089126970069593170e-03
7.764485156560667865e-04
7.057624664227042481e-04
7.266440003906426276e-04
6.358766446607383742e-04
6.979235529904526157e-04
5.781139615195932200e-04
1.833973507699469081e-03
1.323466738188817503e-03
3.131576500146007139e-03
1.887462015587208514e-03
2.847960648852341722e-03
1.330374856009244010e-03
1.037894027513822960e-03
1.293369570487857851e-03
1.041435976992831315e-03
8.592493264093663046e-04
9.287488320645938397e-04
7.958000675985715333e-04
5.412432238546149204e-04
7.705048109726344045e-04
5.127568844328948220e-04
1.452611596866355305e-03
1.304747922716846271e-03
3.225359271287808315e-03
5.981101082595474683e-03
2.620618265599277286e-03
1.459964899347242304e-03
2.033399873878752751e-03
1.377045106930123962e-03
1.185253389416472203e-03
4.570901814471646420e-04
7.275182815592165031e-04
8.040642808754279013e-04
8.187058385182453737e-04
1.046089698650187879e-03
6.555511332581544963e-04
1.551608508253749961e-03
1.236790638777018891e-03
2.697957302731817438e-03
3.661225330872909522e-03
0.000000000000000000e+00
1.828427709248801707e-03
1.600918187137625494e-03
1.157490191764508521e-03
1.785015428846047254e-03
7.429083641203327584e-04
8.925461284425539312e-04
9.339168470631140084e-04
8.909500971015225142e-04
8.204855833145149923e-04
8.742785224645042031e-04
1.668444473417979778e-03
1.619146201530626515e-03
4.938941263841016387e-03
7.477424320629324399e-04
0.000000000000000000e+00
7.517272944584798590e-03
2.363593569155450404e-03
1.898154204999560933e-03
1.618619515636137264e-03
7.517696838232348043e-04
1.065944005144699213e-03
9.276145066641954071e-04
1.170091511937838748e-03
8.908415254908973960e-04
1.004441142217042627e-03
2.122217793531591592e-03
2.484050867876652722e-03
3.565423632180456277e-03
1.444849093998982429e-03
1.616530173478293066e-03
2.202160308593098005e-03
6.448206287989013442e-04
1.152239592771305996e-03
1.252204859267371483e-03
5.021019729500300274e-04
7.425578799561590717e-04
7.780662136354253230e-04
9.543370426874944702e-04
7.609438922253845394e-04
7.676596107969720995e-04
1.470500139666298294e-03
1.960061530639733898e-03
3.536747080939041735e-03
1.676847415971229440e-03
2.308355083649006774e-03
3.551247342743024931e-03
2.250199058264536027e-03
1.461908666523100428e-03
1.699232669641876844e-03
8.475206036618445141e-04
8.229141812207955336e-04
7.699937964242887806e-04
8.810035148051594336e-04
9.064857404001639817e-04
7.774183586386132624e-04
1.709429103814773775e-03
1.789926000317722688e-03
4.561458740141289409e-03
3.630403849363337838e-03
3.144952993113103376e-03
3.385773257848800379e-03
1.788388281491484983e-03
2.053558599041739856e-03
2.079168517086767663e-03
1.277669061002320756e-03
1.149801713154328768e-03
1.190267952799304576e-03
1.021365630886597511e-03
7.509948691239327076e-04
1.448738687560326577e-03
3.251346863905749465e-03
1.860476410842498924e-03
5.604456369208287922e-03
1.793718071196912000e-03
1.331943957454020293e-03
2.869569199170429914e-03
2.299198044000220261e-03
1.787890119346200336e-03
2.227631944225853203e-03
8.681075585534288926e-04
1.638654659447516797e-03
1.608593760547937087e-03
1.263268676389538896e-03
1.283434489077103649e-03
1.476094275088458366e-03
2.765201932780027815e-03
3.544388993682129948e-03
7.139607833296319171e-03
3.184507706952491822e-03
0.000000000000000000e+00
8.601639971521852016e-03
1.902863455385629243e-03
2.720927633161109201e-03
2.412460421228123948e-03
1.851957399123041687e-03
1.369539234784623079e-03
1.750826655816740138e-03
1.466778759452063482e-03
1.642044135987938630e-03
1.598740540629716746e-03
2.950271612818894558e-03
3.006874093758943409e-03
8.650174040564123298e-03
8.219508920280215250e-03
0.000000000000000000e+00
2.294110829443303783e-03
1.027505994406075016e-03
1.401524394124215814e-03
1.863351231984826601e-03
8.519679281029868484e-04
6.302289243025046899e-04
9.479457235673022708e-04
9.906150039534122789e-04
6.335214208235494639e-04
6.643918667517626636e-04
1.985977047172404319e-03
1.783095347524877531e-03
4.720201431245192591e-03
2.970984986483464984e-04
0.000000000000000000e+00
1.317689327507524715e-03
1.576081079748319720e-03
1.394650521759300361e-03
1.374786394232558294e-03
6.098212405217168838e-04
8.218364573996223520e-04
1.230012788709334550e-03
1.132803070781426011e-03
6.625651882094840727e-04
1.334375070669612581e-03
2.114350709045766628e-03
1.832699635181885521e-03
4.972913974015675219e-03
6.755665149839510698e-03
1.808192032947670766e-03
3.242671379553664895e-03
2.300198849516261416e-03
1.738162656452107860e-03
3.136699328528517062e-03
1.416262845941543107e-03
1.234933818939099384e-03
1.209268315383936086e-03
1.311249512176825699e-03
1.796057421230758816e-03
1.240414615358958030e-03
3.219104960457489124e-03
4.130965272671362383e-03
9.270715795379807708e-03
1.401431874401162228e-03
5.957625183881889129e-03
1.778269221292795577e-03
1.876742097261613730e-03
3.019940204877789251e-03
2.685584414071884394e-03
1.731550598594327637e-03
1.858371207811272251e-03
1.629335409009783492e-03
1.582343173080028986e-03
1.661252819268862384e-03
1.801978905126500963e-03
3.587047468708507228e-03
3.450144954577905043e-03
7.804997078634780261e-03
2.060292042500749040e-03
7.502197785946690053e-03
5.311470328174756027e-03
2.990263585279967235e-03
3.656032398503854947e-03
3.900994963431542954e-03
1.820794641674880476e-03
2.129492958743969822e-03
2.061810043580325838e-03
1.992156430395474603e-03
1.840679381184388537e-03
2.792815081708079680e-03
4.447676054108815752e-03
5.009274585033859223e-03
9.340793876040804147e-03
1.033508663825680532e-02
2.456453091522601499e-03
7.847545895989235104e-03
3.353501866968158773e-03
4.246944475762879506e-03
4.908473052600526368e-03
2.685672132934092612e-03
2.795082601437461848e-03
2.361816954078166386e-03
2.434675695605450704e-03
2.524094716272339348e-03
2.711299027250259255e-03
5.381517419304682713e-03
6.330841225727733626e-03
1.103252327651539112e-02
3.786947622857891708e-03
0.000000000000000000e+00
1.362694047165964074e-03
1.222807007613431387e-03
2.932520123820173824e-03
1.382973700865975514e-03
1.525362404605334204e-03
1.137669128094479691e-03
1.322603851368793493e-03
9.655857216150867282e-04
1.744331928722646320e-03
1.791594528624050435e-03
2.823302167564943881e-03
3.063011711528168882e-03
5.040251928913593547e-03
3.156937466801258522e-03
1.260586032624369307e-03
3.883075626784329021e-03
1.664059787768436055e-03
2.366563245505287887e-03
2.481383637440353306e-03
1.437379597651692589e-03
1.412124568026975127e-03
1.183228111271582804e-03
1.455837680326426461e-03
1.592825918071156827e-03
2.253361267173637546e-03
3.718685717367498089e-03
3.421021278075355495e-03
1.057715960089065932e-02
6.668312117860876465e-03
7.522915379215944914e-03
3.169935280694401777e-03
2.892276309753026228e-03
3.972410489537813068e-03
5.144913348599099330e-03
2.133668997099672383e-03
1.952952551873305504e-03
2.585948162659754829e-03
2.689363387237113639e-03
2.124887314734313047e-03
2.329651053610765424e-03
5.318488563348173354e-03
5.092691544686946473e-03
1.100597818437336339e-02
1.099789471035995253e-02
9.782936518199716533e-03
6.852056007249301452e-03
3.374003643804383921e-03
4.246050908839811913e-03
3.930655835261897754e-03
1.996334447770446371e-03
3.015779502454636607e-03
2.464616526041291025e-03
3.152326381360904227e-03
2.932844216932353146e-03
3.282072287033718002e-03
5.481741831817947032e-03
7.042234311368915541e-03
1.418064193935803137e-02
9.187328677060796131e-03
0.000000000000000000e+00
8.497882251336233081e-03
5.193543939640221652e-03
5.473323287776648421e-03
5.673630228661069932e-03
2.690265512667147727e-03
3.487869228413779856e-03
3.551817426875788705e-03
2.887216888272516047e-03
3.231663713935637675e-03
3.549145988696430793e-03
7.586239977522123840e-03
8.995486130731082663e-03
1.783934818293456820e-02
4.222353011916110330e-03
1.277730921970824697e-02
7.148833607967135240e-03
5.696623906977581198e-03
8.020295266282112881e-03
6.713128843935851388e-03
3.514724418343460888e-03
3.730462132237424063e-03
4.211516824266657751e-03
3.986029392058137999e-03
4.071022895757042855e-03
4.223462492913537987e-03
9.648041351490187212e-03
8.977766880166833385e-03
2.707116269893616520e-02
9.641741096706858347e-03
0.000000000000000000e+00
1.300313803540937554e-03
2.491026251497062676e-03
1.699500481502769353e-03
2.184238764470779453e-03
7.592071284254749228e-04
1.470633809146522841e-03
1.141087419918427335e-03
1.134622642579628674e-03
8.560499051851526387e-04
1.404753142757782930e-03
3.196116988942331386e-03
2.796267332163383888e-03
9.507277810641912713e-03
2.424433837696673023e-03
0.000000000000000000e+00
4.620216895094009235e-03
3.467900589097968646e-03
5.444582871980263063e-03
3.631792593212605346e-03
1.852834869955407226e-03
1.863476536368602072e-03
2.240449847756331107e-03
1.625728052158269569e-03
1.224385281894349370e-03
2.102720627998878791e-03
4.341638720502960340e-03
3.906385487022946343e-03
8.413559132100151272e-03
1.711740384041740212e-02
0.000000000000000000e+00
5.329393315555334444e-03
2.929771698780911458e-03
4.441338022085149217e-03
5.100706816586913529e-03
2.052081642796474339e-03
2.502929919953757361e-03
2.159402883560947867e-03
2.241473994625301728e-03
2.764714256868878745e-03
2.956620776829912978e-03
6.080347877893946609e-03
4.829393500002058387e-03
1.773183908896173652e-02
2.026931330650960216e-03
0.000000000000000000e+00
1.194988182522289596e-02
5.927697890973987298e-03
4.125902340963919293e-03
4.965192065733514334e-03
3.051645501742606629e-03
3.414223988414917706e-03
4.203715540740869845e-03
3.208684145826727271e-03
3.167210641989775741e-03
3.808299417104278432e-03
7.893254863158593801e-03
7.966652171237646740e-03
1.673377719879491979e-02
4.183044621602575314e-03
4.619412917705501692e-03
1.029684175653041052e-02
6.291309605658520002e-03
7.041571577464268185e-03
6.638129817954759038e-03
3.831161640830606924e-03
3.750010046792880136e-03
3.894070363932870728e-03
4.837166806042853505e-03
3.992583118400961847e-03
4.992037398362871720e-03
1.032994192308572638e-02
1.429825540718308516e-02
2.465936006893838794e-02
5.667083521067357507e-03
3.699794532377901051e-03
1.531883635284840908e-02
7.077167707004714849e-03
9.189048419223707839e-03
7.596950788820881761e-03
4.323483770256582835e-03
5.039903613626262741e-03
4.812327844542317948e-03
5.275621046336248510e-03
5.539707147737243931e-03
5.558588968400096815e-03
1.179080591663282315e-02
1.203253763226858238e-02
2.526078096370847070e-02
1.792736283076837300e-02
1.031162687098854773e-03
1.861966550812428622e-02
8.305907767194316282e-03
9.396090482109832262e-03
1.027360872335821539e-02
5.044033852973250041e-03
5.644198056224769208e-03
5.553400058768156143e-03
6.265971748235300495e-03
6.218600704061405873e-03
6.643529215934494692e-03
1.543230248571009038e-02
1.370007783070085333e-02
3.909880204671223325e-02
1.546584297817068208e-02
0.000000000000000000e+00
4.899381328984722672e-03
1.901422357265940841e-03
1.849754056175351592e-03
2.303374731007387828e-03
1.781570490064170349e-03
1.854942362868349784e-03
9.311854464462768211e-04
1.930488218686263061e-03
1.652685023314070384e-03
1.865686733538808552e-03
4.583176224405237018e-03
3.872495524120576037e-03
7.065648840444841219e-03
4.169756630269737599e-03
1.608499457924731117e-03
5.490276464557884879e-03
4.938304229860178765e-03
2.206362351772932738e-03
4.026492414226137337e-03
2.126825723206611507e-03
3.212512336908373862e-03
2.788826850567241531e-03
3.028128230785958209e-03
3.085916730712900524e-03
3.476791795765537142e-03
7.755733967524440671e-03
9.256147223659217174e-03
1.725509695117835238e-02
4.510874988866909151e-03
5.809432493372033122e-03
1.524428718256150457e-02
6.489844577251572752e-03
8.474758434741862939e-03
6.380328821025588876e-03
3.495084687191235204e-03
3.303878586649260530e-03
4.300726906638872860e-03
4.450352729099547530e-03
4.744183855398739595e-03
3.987022581809206503e-03
9.800815477851616830e-03
1.124870343216107828e-02
2.332169054058021856e-02
2.329079851765740797e-02
3.196047907447793161e-03
1.443992236349930791e-02
1.149741910941979445e-02
9.972110483273888965e-03
7.769740451077430422e-03
4.787009328827615366e-03
6.022086087353734768e-03
5.530018066874343129e-03
6.129316316393166111e-03
5.408422851266012944e-03
6.000590390986439496e-03
1.314662076864182155e-02
1.191543164825921777e-02
3.183057154555331975e-02
2.314038809168160807e-02
5.611478805057142083e-03
2.162269117435516516e-02
1.121754918613544587e-02
8.971291850214646243e-03
1.269655309322985023e-02
6.411372713769182899e-03
5.288025047024531855e-03
6.707016660269083871e-03
6.838158212825518924e-03
5.623323887688604431e-03
8.251985658375255231e-03
1.733894579178212741e-02
1.363264538138200983e-02
4.084204118782001902e-02
2.924710329710189516e-02
5.605264317900078216e-03
3.050298012678351670e-02
1.311607338630171524e-02
1.224668938462921547e-02
1.432362411086494577e-02
8.396791465519266168e-03
7.428281155133592724e-03
7.918395842083862657e-03
7.268790804831961293e-03
9.436768375527343489e-03
9.396720390595206251e-03
1.835470581607519594e-02
1.905500300584747619e-02
5.395274279610279972e-02
2.821244368737320374e-02
6.728184886974864984e-03
2.206660582558638353e-02
1.247217752999938388e-02
1.710030986444743481e-02
1.589338644643810416e-02
8.603279390049544881e-03
8.758355430367851385e-03
1.012784109697284669e-02
1.023006908426307704e-02
1.104842621058915383e-02
1.199994850694042874e-02
2.614140197152197906e-02
2.365939343640244621e-02
7.607788350648042597e-02
3.864501521164331183e-02
0.000000000000000000e+00
2.130409962538650989e-03
7.677809666555486003e-04
1.955242774802770384e-03
1.000125367040294137e-03
8.091899242608296353e-04
1.923831577752097444e-03
1.016629083750105605e-03
1.506572283351345718e-03
1.461769899639661944e-03
1.598100660803765524e-03
2.318691358592357091e-03
5.482068876592736430e-03
1.082224664127666089e-02
2.190028489961047108e-03
3.507756920128568719e-03
7.958691398415479804e-03
2.545453657813718466e-03
3.557775803830199885e-03
5.920672957172725716e-03
2.439249856873392224e-03
1.688112911769573763e-03
2.258603307319392677e-03
2.794676978293505511e-03
3.016246072042919578e-03
2.267080226783229225e-03
8.990713649598938012e-03
7.034912959869771276e-03
1.728094991456726945e-02
7.689388353464069771e-03
1.336478630819999333e-02
1.381392574059898612e-02
7.623612343613918665e-03
7.308188575910279719e-03
6.612729497223373068e-03
4.780611006183304451e-03
4.248931443023695916e-03
4.899074898891417687e-03
4.628973295864614694e-03
3.515589504931115970e-03
2.523782641686485653e-03
1.172864714637854300e-02
9.343534045533884516e-03
2.232766968601282431e-02
7.961052132652104291e-03
0.000000000000000000e+00
1.564733043358667794e-02
1.162065571885305577e-02
8.611346064660003671e-03
1.171894456286389462e-02
5.003708750108110115e-03
5.668574029787634173e-03
6.285103880880812954e-03
5.986026574460834131e-03
6.508915096754040210e-03
8.588709017174114488e-03
1.291862617357514634e-02
1.143537783524138651e-02
4.250208044852204353e-02
2.295935359961661509e-02
8.451932741896454535e-03
1.943824036535578628e-02
1.335137455199815470e-02
1.354991233226962577e-02
1.422464446154158950e-02
7.542253090439797643e-03
8.114122057038829910e-03
7.563453776018831155e-03
8.141663375257957025e-03
7.227039637502254317e-03
1.074701714699920728e-02
1.758428746969882203e-02
2.045572320893188079e-02
4.496252074833879953e-02
1.655246851501282826e-02
3.055102622304082735e-02
3.372189221622391014e-02
1.755092462413524249e-02
1.721993281723961655e-02
1.656798401020194086e-02
9.011651475212198448e-03
1.069186087051313648e-02
1.183998493933637215e-02
1.294103133395098360e-02
1.104204924278094462e-02
1.047233583490760588e-02
2.704401786028077723e-02
2.525957930226048823e-02
6.807169977597446464e-02
5.578306138226441641e-02
5.477262566725773184e-03
3.967361176913204723e-02
2.105571392214914891e-02
1.842388872613175479e-02
2.128039662570721524e-02
1.141941732513730018e-02
1.259323727587737668e-02
1.387774408553792832e-02
1.359504477019866930e-02
1.466383378298062069e-02
1.577889724250560594e-02
3.148080264599892319e-02
3.222425847107202035e-02
9.052775385946874864e-02
5.812157564447919395e-02
1.539004046515883399e-02
4.663812441357490651e-02
2.466255798336326049e-02
2.667255168655791042e-02
2.510626275460053555e-02
1.377138489694291514e-02
1.489114707367834509e-02
1.530052650300331614e-02
1.666994457422310907e-02
1.575779520041311124e-02
1.633711467830872496e-02
3.946576741483289602e-02
4.219498367712498643e-02
1.048666492474223250e-01
5.817489817209145486e-02
8.427358814618831837e-03
4.267741404707587130e-03
4.479357203136183872e-03
2.147981068542738955e-03
4.515451935246725737e-03
1.243423176352338993e-03
1.589534209713133663e-03
1.997690855877116457e-03
2.253725573704187281e-03
2.699062292027168408e-03
3.276644175653979207e-03
5.437506725751199525e-03
5.503648754386733510e-03
8.889546211029461173e-03
4.679420316994851482e-03
0.000000000000000000e+00
8.377597542551183316e-03
9.203362543359417877e-03
4.380994059304696604e-03
8.044358353444656939e-03
2.609382666014917196e-03
4.588647345567174220e-03
4.675239408379512802e-03
3.398399948095860799e-03
3.945772474347263893e-03
4.181906393189400301e-03
9.565754537016295245e-03
1.137512372464854170e-02
2.469837107816903396e-02
1.534410071859872680e-02
1.160645294854205888e-02
2.926391569598608966e-02
1.460221440734736469e-02
9.060853290787358391e-03
1.262068480743586303e-02
5.573797774550024939e-03
7.748323280563246783e-03
7.803356228328217452e-03
6.093513602874481294e-03
6.736158565894759774e-03
6.923422611903312998e-03
1.847263933906571898e-02
1.843185877137225662e-02
5.054040136441367848e-02
2.266753206269275095e-02
7.076229035061659157e-03
2.099855805290956265e-02
9.979631108297529890e-03
1.648662011356917187e-02
1.418176619912530668e-02
9.392988299525024259e-03
1.047910721019561231e-02
1.072414207458722603e-02
1.022366640486454918e-02
1.062884456200471374e-02
8.853436961668991953e-03
2.355787516525458675e-02
2.746680490493307730e-02
7.468080546425648336e-02
2.688460547872413564e-02
9.254563849113243632e-03
4.567809163131684308e-02
2.275848418140780441e-02
2.511599963246010508e-02
2.493248165006751310e-02
1.258288612977278426e-02
1.361120754668738476e-02
1.322950166723498369e-02
1.483294341314227854e-02
1.496577308602597967e-02
1.542390542281809294e-02
3.513971151836296769e-02
3.913138705894118885e-02
7.483543839102144157e-02
3.393186072071793791e-02
1.043777145383630381e-02
5.112025620653387614e-02
2.468732245796002520e-02
2.736406955824732812e-02
3.184694421519239371e-02
1.472673072193711810e-02
1.696398440683095574e-02
1.612454870208954866e-02
1.882202739075520409e-02
1.838683312332367592e-02
1.955502770120548864e-02
4.053716917910491629e-02
5.071453643323835941e-02
1.296359190284950280e-01
4.949095961915218889e-02
3.674005724011560059e-02
5.795308448074213553e-02
2.777266223445655838e-02
3.013334301088795020e-02
3.392979589225345732e-02
2.036650440238187837e-02
2.020689895292597169e-02
2.262506420706632618e-02
2.094532149035778154e-02
2.183388912286446729e-02
2.596588591810007271e-02
5.521340012021025423e-02
5.801435525504760465e-02
1.447318666366754214e-01
1.003846332125166163e-01
2.747640439073107191e-02
8.695777326120186779e-02
4.067601139391387177e-02
3.702298200730485406e-02
3.859270697090918384e-02
2.115532639952609831e-02
2.418602408204068716e-02
2.422391960931197588e-02
2.603904059021607334e-02
2.793291334796415074e-02
3.148864116956796161e-02
7.287105329040986790e-02
6.934114752268573378e-02
1.730951781617628693e-01
1.274884395067524545e-01
2.141363873718525948e-02
2.319391559972297772e-03
4.450877311124748145e-03
7.500714185973264905e-03
4.301325665092642359e-03
2.156198004453021080e-03
2.615757211550419348e-03
3.209634963699647698e-03
3.032518599212644453e-03
3.037497116608778303e-03
3.761408663020859508e-03
6.083239230931005923e-03
9.946826463840130125e-03
2.765443587702797607e-02
1.455392994285411960e-02
9.094019846983429634e-03
1.271757639608020463e-02
5.251810691753232806e-03
1.233096575708788993e-02
1.106129173770740298e-02
4.831546567943271336e-03
6.581586670772510833e-03
6.778422670473847542e-03
6.705411893410256896e-03
9.514887723804089231e-03
5.393678873178629068e-03
1.729973989063176426e-02
1.685017044155609142e-02
3.620130275338728776e-02
3.105885246537455624e-02
1.134009575811721626e-02
1.960439143892613728e-02
1.382470509720121372e-02
1.736880448244060640e-02
1.948665564754951604e-02
8.890731573650932987e-03
9.331552283089307107e-03
9.424807045298144031e-03
9.875117013031948013e-03
1.133415973556872215e-02
1.145806232959104519e-02
2.336470449753756326e-02
2.972490718249219677e-02
6.425667934385571878e-02
5.246850001972512556e-02
1.840377688670907438e-02
2.917823856719391901e-02
2.048758995780657760e-02
2.291215961366571338e-02
2.890728461526680462e-02
1.731014179415082607e-02
1.454132026835096465e-02
1.554702200615727670e-02
1.833620818110198725e-02
1.862268941578058834e-02
1.534449945312235490e-02
4.153948539330845624e-02
4.667361544786935434e-02
1.017097016123627851e-01
5.902044817808317634e-02
2.194151407337496806e-02
4.664025877170509260e-02
2.971241133855080999e-02
3.463245276638816234e-02
3.672603110756033490e-02
1.847124025088570445e-02
1.876416116908074389e-02
2.258456109965522110e-02
2.103496422433709725e-02
2.485936757414449957e-02
2.540240403220008977e-02
5.515444151487324670e-02
5.836656460045253070e-02
1.334769910543135707e-01
7.510872973102807049e-02
1.200377000489321645e-02
9.451360176767734100e-02
3.874072493719620675e-02
4.578769711264844833e-02
4.397850434180546747e-02
2.207795106121585721e-02
2.314393102367635902e-02
2.539723797178969344e-02
2.509273532198739651e-02
2.833708583138670745e-02
2.757945227406771727e-02
7.199765207496021391e-02
8.351935732657485290e-02
1.952654362712651082e-01
1.205830333697552881e-01
1.853119538282119866e-02
8.153164225744402582e-02
4.545813126359994627e-02
5.011091791682591168e-02
5.799811712614151571e-02
2.656161825997567852e-02
3.169876470464819129e-02
3.661088573051300005e-02
3.763710221082627178e-02
3.501166813528482774e-02
4.195409627799883551e-02
8.470105388758501774e-02
9.573628648472955194e-02
2.384321041005987574e-01
1.518733935062030194e-01
3.689143071951557495e-02
8.054382325678528798e-02
4.582731929930037446e-02
6.006136556648578040e-02
6.501580832846058644e-02
3.637420728284090909e-02
3.465799044650254290e-02
4.026047115062862669e-02
4.054109782303835091e-02
4.160697964943305127e-02
4.219191310684530100e-02
9.641470850440163332e-02
1.170097091971409459e-01
3.017362275464270382e-01
1.858339379580628836e-01
0.000000000000000000e+00
1.524511455605340226e-03
1.135466711245448809e-04
1.158199265419974141e-03
2.382576221451253133e-03
7.128262433004938555e-04
1.301986639143425887e-03
1.118367933995415616e-03
1.151742565284870866e-03
2.113423772075927404e-04
2.906694126024516375e-03
1.959625848727491060e-03
2.391034996502508763e-03
1.083053964008705294e-02
7.749352560096619625e-04
3.356480253500840338e-03
1.102148916189477079e-02
7.707743554024708461e-03
6.730008330425875894e-03
8.234827270290989362e-03
4.661325817959320952e-03
4.028667028464548092e-03
6.249776516258364473e-03
6.998771365275278759e-03
7.425031421995724294e-03
4.574561911899462617e-03
1.294298988672922500e-02
1.192917263419204441e-02
2.753159932526746262e-02
1.431639188618368842e-02
2.626614624565765631e-03
1.535030846689509031e-02
9.228657591886259975e-03
1.532628659592689263e-02
1.626387347693279348e-02
8.117083893190026045e-03
1.091787870543128348e-02
1.001139731101323253e-02
9.555718501615980895e-03
1.073992535167964633e-02
1.185441810552843693e-02
2.446184615714258950e-02
2.385016439208603040e-02
7.526392485294954027e-02
5.950270139360546578e-02
3.471113470718108912e-02
4.277154819646888928e-02
2.756400602173770739e-02
2.735844754201533294e-02
2.551657715991246383e-02
1.546415654876898138e-02
1.538407897893129088e-02
1.643653874014703795e-02
1.441658301754513913e-02
1.896150505692231411e-02
2.315337427821653402e-02
3.695785087036215777e-02
6.135789929948118337e-02
1.317428272669516343e-01
8.658443084613000329e-02
2.839824888710849871e-02
6.035367888840179051e-02
3.390242703334324370e-02
3.696556598993611803e-02
4.173904408420797685e-02
2.397609996859364004e-02
2.165768314963563076e-02
2.656168407867779205e-02
2.635069440733631835e-02
2.604045567561947411e-02
2.345700225876971856e-02
6.194192635964623078e-02
7.684006697503745209e-02
1.840970371389467619e-01
1.557149257704625867e-01
6.293916797281211284e-02
9.285441245050567172e-02
4.622227974608512230e-02
4.863228976009594667e-02
5.584544986783617632e-02
3.196154010830083714e-02
3.022815636155163840e-02
3.437966491897372773e-02
3.615231089998525299e-02
3.842626258754411328e-02
4.422832200373121719e-02
7.541930555519188450e-02
1.009262575128833800e-01
2.522501616514249423e-01
1.757998046705565864e-01
1.262133792463901623e-02
9.402092615370742645e-02
6.172929344247458233e-02
6.668568178970671334e-02
7.121422684337098963e-02
4.217401896358157626e-02
3.934974121937337421e-02
4.007046170514740047e-02
4.058068861164389196e-02
4.715284315183575214e-02
4.860176118018435382e-02
1.081010760822981864e-01
1.200283035057057995e-01
3.121126718452057469e-01
1.821388418885918348e-01
5.395938565543172832e-02
1.288886265277672527e-01
7.196272681533701088e-02
8.253383352293554298e-02
8.264140320822888075e-02
4.498899563261385404e-02
4.999869019569316148e-02
4.925152421439627642e-02
5.091065229247786206e-02
5.826934361086580361e-02
5.820136071043690434e-02
1.317102490072017129e-01
1.651769899034610245e-01
3.876113125447089858e-01
2.655910200368106766e-01
9.316817298770617428e-02
1.140615974110994330e-01
9.223710380576333190e-02
9.700372796117477658e-02
9.616404376748216576e-02
5.486104254735308522e-02
5.436333389573053121e-02
5.344241108431006804e-02
5.807755732383507175e-02
6.380582986103291998e-02
6.620634079464171595e-02
1.389695837002451195e-01
1.749486700909463621e-01
4.838447794782438360e-01
2.868259260830898216e-01
0.000000000000000000e+00
3.031857404720529007e-03
1.909944933765213380e-03
4.982113481020747359e-03
3.797525129106472854e-03
1.034767917876244217e-03
1.785705268516501630e-03
2.335679454780314763e-03
1.541460873091987302e-03
2.637099855228937969e-03
7.770721794358359438e-04
6.368693441485532951e-03
1.316335938250568112e-02
1.204332651817869963e-02
1.143010718626104316e-02
4.735663239610434123e-03
1.978258555597004267e-02
6.040215888610579037e-03
1.145527726311399569e-02
1.539750136937319616e-02
6.708026182194405142e-03
3.609651108228247723e-03
6.337052913059919475e-03
6.957379260877241331e-03
6.976781936386313582e-03
7.067565823278398190e-03
1.752036888108148699e-02
2.876212458349469009e-02
5.464627451303618461e-02
2.543389433380374709e-02
3.308119095415742311e-02
4.629240110406517700e-02
1.970283969139859787e-02
2.011504605011603733e-02
2.430414208146894003e-02
1.758387003728399331e-02
1.618205511177858019e-02
1.705005736744325678e-02
1.444787272840901068e-02
1.634013670192659487e-02
1.972437649238157481e-02
4.348551343405197833e-02
4.541755218199861749e-02
1.257849615051404579e-01
6.206426207147146962e-02
2.454182243552366360e-02
5.407464131803545182e-02
2.943532019453246745e-02
3.488105096776902836e-02
3.805097662265089636e-02
2.115413194637807970e-02
2.145940346684927641e-02
2.226038261829579173e-02
2.888065209615576015e-02
2.809482628948399216e-02
2.957759432352993420e-02
6.589605139488824426e-02
6.918279694448239980e-02
2.319121362522932328e-01
1.306821350718493924e-01
1.072495706642213366e-02
7.740990387641299986e-02
3.523121344253454801e-02
5.689851606315646237e-02
5.724618388962000176e-02
3.313615313018494768e-02
3.536998668829698100e-02
3.502809122869968844e-02
3.734933519230357324e-02
4.091192958359700371e-02
4.252345374920447896e-02
1.031075746491572076e-01
1.184377712485231854e-01
2.894341804821394248e-01
1.399727423518238034e-01
3.958981510082404398e-02
1.048419023563083169e-01
7.213109865164542278e-02
7.198053952348415496e-02
8.317297535058351676e-02
4.849303355435669038e-02
4.687382550541842330e-02
4.853192980972624582e-02
5.057565419938092610e-02
5.508161549829457965e-02
5.791028644065391445e-02
1.387572594007863980e-01
1.348826653677178411e-01
3.457440962950794061e-01
1.873190307781263941e-01
5.830969743372146907e-02
1.601301134899162648e-01
1.002520294791913041e-01
9.089384852616110011e-02
1.008078867544416612e-01
5.856017046665738107e-02
6.151407151934736028e-02
6.339614397204844376e-02
6.285098793602975076e-02
6.397696656327275799e-02
7.020334266637347220e-02
1.667076583143382862e-01
1.825033238245470923e-01
4.504325131878606503e-01
2.931198797530415456e-01
7.765689092586244846e-02
1.895722642979208450e-01
1.031277680361739058e-01
1.150652017304856639e-01
1.267697718440895793e-01
6.507824666981200379e-02
6.406583484667537076e-02
7.236980156628004812e-02
7.376464412401254056e-02
7.954774152173449409e-02
8.139320700158644839e-02
1.974614728254374951e-01
2.193573673318022499e-01
5.269211062627128239e-01
4.069517451262731345e-01
7.128470227789684976e-02
2.473524517883016749e-01
1.261812138002481598e-01
1.428248316101497217e-01
1.401671673873927659e-01
6.828546312695554787e-02
7.936378235476132526e-02
8.418933439169475064e-02
8.724964953777310239e-02
9.550412760638067600e-02
9.365288559531040335e-02
2.200737086394538577e-01
2.465561406342456352e-01
6.416166320773440956e-01
4.213262017531781978e-01
2.075282354519034089e-02
1.356016986457771190e-02
1.644639386254884671e-03
5.530664177777976608e-03
3.635774743452016566e-03
2.179375853865871994e-03
3.701954167814880403e-03
2.994015507863696888e-03
5.039154310651343741e-03
5.007365191624697613e-03
2.717974997170450983e-03
9.079117375013746882e-03
1.107948866659203696e-02
3.463047577319211534e-02
2.176225765177286931e-03
9.227440088661446188e-03
3.002785450456552443e-02
1.267377652406291577e-02
1.452701672069256315e-02
1.964735797417150459e-02
9.698756004201891656e-03
9.057495815347942417e-03
9.179563118318984777e-03
1.314055223381013944e-02
1.433974877021633974e-02
1.065111314551537083e-02
3.911454274142382032e-02
3.429263373455027075e-02
8.227476626947961835e-02
4.290282278867833116e-02
1.396873718053594400e-02
5.720367290574423363e-02
3.509565629065646009e-02
2.894411194001596591e-02
4.297413962885825167e-02
1.789691054187418293e-02
1.888158886578891055e-02
1.774115259920827636e-02
2.292863562502545777e-02
1.857743793871118390e-02
2.283518259043422136e-02
6.125961087672068123e-02
8.273174553051017288e-02
1.403833984641544574e-01
9.216523494349755652e-02
3.331280909513671673e-02
8.046238907166282373e-02
5.384762805801355384e-02
5.198466276187758972e-02
6.043916825391661141e-02
3.040209262811899293e-02
3.899796503976926676e-02
3.511314022114415262e-02
3.620774138800401942e-02
4.596155044396444539e-02
3.881624241217125626e-02
9.259981403977704528e-02
1.196121361307387054e-01
2.968643742833912968e-01
1.422383272465282400e-01
1.045714697276817901e-01
1.366247017901138505e-01
6.386165177908624535e-02
7.501359852280507778e-02
9.002359083907636450e-02
4.538330713855942555e-02
4.893167307085856399e-02
4.992352239184412455e-02
5.610898382716223570e-02
5.856955233044066483e-02
5.631193861376974225e-02
1.370144691348084143e-01
1.559677985536150890e-01
4.712930367881200122e-01
2.130956922397897746e-01
2.996524609541804940e-02
1.579860490295102449e-01
9.763560458423241328e-02
1.038688192943988814e-01
1.122034449344118529e-01
6.480133375165983423e-02
6.674298294388195107e-02
7.374124886407748547e-02
7.664865087260459842e-02
7.886897578401508291e-02
8.748880100309427976e-02
1.891659320917741804e-01
2.147791019370529075e-01
5.284815475051648503e-01
3.562859184528433532e-01
6.592571381673474618e-02
2.039919994851760177e-01
1.124145309003792143e-01
1.354100310695615095e-01
1.393040600454815980e-01
7.953893937762072930e-02
8.120181716489970059e-02
8.615543298458577803e-02
9.022848012921347305e-02
9.508029436455397998e-02
1.010122619928123799e-01
2.407186876027893607e-01
2.505644852116410970e-01
6.703188585815297307e-01
4.353338138932030255e-01
2.030505362164940208e-01
3.316653122477613014e-01
1.543371541158686522e-01
1.401372656310687081e-01
1.634913413685250838e-01
8.777999000407106511e-02
9.335371308832071668e-02
9.667533999321831217e-02
9.996434443702650885e-02
1.089294610740125652e-01
1.309380778340556717e-01
2.460770202310195442e-01
2.820337881775737410e-01
7.496303676096085500e-01
4.104194480353168251e-01
1.460412275758799783e-01
3.195131806155975251e-01
1.522140825306513012e-01
1.752786805030464856e-01
1.865974050634904569e-01
9.874987670568390052e-02
1.022801165710844618e-01
1.107263225927867939e-01
1.089013298682958569e-01
1.268568043588566840e-01
1.438006478586911774e-01
2.745585696867196557e-01
3.309310694487695437e-01
8.602738189759192577e-01
5.444422198062112139e-01
0.000000000000000000e+00
1.639379300156192977e-04
5.734387757766171503e-03
4.630647863728012611e-03
8.132203750494173058e-03
5.360385782472151806e-03
4.349251430664432226e-03
2.760795337673224367e-03
3.322589011550820121e-03
3.904739194269214383e-03
3.490000564732517307e-03
1.105568191804720893e-02
1.860155902906942757e-02
3.162470097343188929e-02
5.297905774324265099e-02
3.780031480261293077e-03
3.661301120889531163e-02
2.310028409493974574e-02
2.309297902320301549e-02
1.872564577351791548e-02
1.132072351153059347e-02
1.499872576568879283e-02
1.409826190209516328e-02
2.081925514898478810e-02
2.023618127890523810e-02
2.440415095651474534e-02
4.883002199313549868e-02
5.674593791999782422e-02
1.466939077402416580e-01
1.148224716490585801e-01
6.465127877130227851e-02
4.060758281852277357e-02
2.611564744152355261e-02
4.160882291852899262e-02
4.805958800925835828e-02
2.210144738129015199e-02
3.126153388139786549e-02
3.789114633784609193e-02
3.677066503214047183e-02
2.943717573381657640e-02
3.729118814509276014e-02
1.066268302633392034e-01
9.947926293095205041e-02
3.361525059606098043e-01
1.290088843844740540e-01
3.901181141229331101e-02
1.241691888704555130e-01
6.593628727522653221e-02
8.550574245781396299e-02
8.761776275265507896e-02
4.819723284681802500e-02
4.497793073357888444e-02
5.440324169656723940e-02
4.668242472673608812e-02
4.974697791639406258e-02
7.138506071608632930e-02
1.467040187486368663e-01
1.428330000265493060e-01
4.477650950388045725e-01
4.439800889509859516e-01
1.777626006869669206e-01
1.725396353649278069e-01
9.754471873305275986e-02
1.033437349447339920e-01
1.380564638980126546e-01
6.381762677458158173e-02
6.880402244891183072e-02
7.309084163684971547e-02
7.239219194171361837e-02
9.235944472994997434e-02
9.635456844706791202e-02
2.064034362822596003e-01
2.252836868862319042e-01
7.193631785997317563e-01
2.403960193345950624e-01
8.492315014478053758e-02
1.817076413282908143e-01
1.553220427979697116e-01
1.498261228503707798e-01
1.463036934094174291e-01
7.843034310665786268e-02
8.563931055621014365e-02
9.174664821785720459e-02
9.357018165755393024e-02
1.127405861246239815e-01
1.248088154413301842e-01
2.651531930724535524e-01
3.241755435516816553e-01
7.679705767189376475e-01
5.266357064057353154e-01
1.193650795726026309e-01
2.866234364230115794e-01
1.521141975448193073e-01
1.588643457563707340e-01
1.862236848835094882e-01
9.694400057855109831e-02
1.032635750817469944e-01
1.102543406188232489e-01
1.235627378653320757e-01
1.180144114183795390e-01
1.285486017278123783e-01
3.073446360731355020e-01
3.505417728243092612e-01
8.789367241922226848e-01
5.567183629229063291e-01
2.205943353711697086e-01
2.634573174961109543e-01
1.786052245534069383e-01
1.900960151523101160e-01
1.996539460845838387e-01
1.129476711508410197e-01
1.153728838902270126e-01
1.260003767982127154e-01
1.243441579530009111e-01
1.332282311103651085e-01
1.418424770186374750e-01
3.301800694066278075e-01
3.549268708973142283e-01
9.777781021650028270e-01
5.053643635930168410e-01
1.815101769547221022e-01
3.766410330307415344e-01
1.858360975464789511e-01
2.052264904802368339e-01
2.405316606203238006e-01
1.170008734065417638e-01
1.258464232984304876e-01
1.328794264482092147e-01
1.453186003721989028e-01
1.578413169821025475e-01
1.700588266792136261e-01
3.680221596717079269e-01
4.066506456900187971e-01
1.050223078243317953e+00
6.655989511545632453e-01
0.000000000000000000e+00
1.316143428222990228e-02
1.383485235518469060e-02
1.477853004444207828e-02
1.125773799664241299e-02
5.624847623833167075e-03
4.753977394700233811e-03
1.704703130281462605e-03
4.764794349648895921e-03
1.492820415397767136e-02
1.081521661551713455e-02
3.062352953334016720e-02
2.794044586989742271e-02
3.092045261292585348e-02
2.443699476380664301e-02
5.356711162165778140e-02
6.650764016861133998e-02
2.486649762539483791e-02
3.246633175820107936e-02
2.505451365015312973e-02
1.835372514994598053e-02
2.194181704476945785e-02
2.230706488461383155e-02
2.651857607884929718e-02
2.862811228982151818e-02
3.330967872952846076e-02
5.973277341555142256e-02
8.534096422817830097e-02
2.246841651301240139e-01
8.531991240166694745e-02
6.509004933786050051e-02
9.001525372874343012e-02
6.137225126502603156e-02
6.191729333782877015e-02
7.199901217822762822e-02
3.103884433321256464e-02
4.302331393632397027e-02
4.273335767765502197e-02
4.700560018314551419e-02
4.684657585000782942e-02
5.829921961081354492e-02
1.249671646061232960e-01
1.338431520848186174e-01
3.083689271689241118e-01
3.882257382412044322e-01
1.128454723097137291e-02
1.110937186533690751e-01
1.091931091893766220e-01
1.028802651849184679e-01
1.123984993388315590e-01
4.905881626739740792e-02
7.033618041048748937e-02
6.835004691127942456e-02
6.767296788162693866e-02
8.345878739130983826e-02
8.228668787131970808e-02
1.838012622852451539e-01
2.608898508983766851e-01
5.563843657973421841e-01
3.877811560841953331e-01
2.483621303269135105e-01
1.873856248138237868e-01
1.209800316844130003e-01
1.544497013034866195e-01
1.576152554269065753e-01
8.621774047044149236e-02
8.569623178567431498e-02
9.676545809216591243e-02
9.080126948469922910e-02
9.889023878112103427e-02
1.084985965241125339e-01
2.433764299637319606e-01
2.887170177156924700e-01
8.311972592603481536e-01
4.006269017503437113e-01
6.983656720788274097e-02
2.840919336878762747e-01
1.506056592974323316e-01
1.557866405693965062e-01
1.842977628249614364e-01
1.008128818894854783e-01
1.089408136552370565e-01
1.100437751516918500e-01
1.282309517620326689e-01
1.333186376738094148e-01
1.181184228826128030e-01
2.965226063552862112e-01
3.290401797800845407e-01
8.167104629872079524e-01
6.183410801969634329e-01
1.460088826512532800e-01
3.858775589297866460e-01
1.640766819005031463e-01
2.227651216429542835e-01
1.985671179322925084e-01
1.107580139143995168e-01
1.322365821364829552e-01
1.268165589058396492e-01
1.382609181754016481e-01
1.473737325530351250e-01
1.477444269806403032e-01
3.563728558724392204e-01
4.022423321852111600e-01
9.484788476904761900e-01
7.773471216597513944e-01
1.488274570142656961e-01
3.982517684413142134e-01
1.979510708545286213e-01
2.306513120573110143e-01
2.468820002932706204e-01
1.289963725711001374e-01
1.375573622573158239e-01
1.419627202828618595e-01
1.451998413226098517e-01
1.517585153235900264e-01
1.855202850622134358e-01
3.749562636668488658e-01
4.486641775716878611e-01
1.076468006050854465e+00
7.001497079182037453e-01
1.298087462589073704e-01
3.996449160843116299e-01
2.432939608246103003e-01
2.423109210836075500e-01
2.462344069567758420e-01
1.343753044352168635e-01
1.526104215087819294e-01
1.401728257881950657e-01
1.582967336827017513e-01
1.575047032176367934e-01
1.790986785694728689e-01
3.948060283257286418e-01
4.231306438395580072e-01
1.188993649425801769e+00
8.127144054449337851e-01
8.101271623310372233e-03
1.225534870620456109e-02
1.817030127785667151e-02
5.041380602788648677e-03
3.783728151354643320e-03
6.854678517794222763e-03
7.027959031460992954e-03
2.199306634655769609e-03
1.038992505997709398e-02
1.840716866193509854e-02
5.752588979853561456e-03
2.207218831446046414e-02
4.331445198081145670e-02
1.007749498896701734e-01
1.861387170970811925e-02
1.414240636342920313e-02
6.537066569838219376e-02
5.916411689627548015e-02
3.228123723922141780e-02
4.162175388040888907e-02
2.234412209687648351e-02
2.795778961864191225e-02
2.608609608799427118e-02
2.796831567894115383e-02
2.989630361179643203e-02
2.782811893859516925e-02
5.360618711980520701e-02
1.095208466304134071e-01
2.504667530402158726e-01
1.515450219622239691e-01
3.634369543750712306e-02
1.265215249144575616e-01
4.890360665682767088e-02
6.820312753692761576e-02
1.060799679817008567e-01
5.176234389437926742e-02
4.855496486511819143e-02
4.518371874844588632e-02
5.311577287036986506e-02
6.634085792621959021e-02
6.855644059680568447e-02
2.006670282048847453e-01
1.871661626855586624e-01
5.008507049987184212e-01
5.533839844684538267e-01
2.239356966787249895e-02
2.675525138974886308e-01
1.333787908437506775e-01
1.273135216307204054e-01
1.145797936533436423e-01
6.436536113569824025e-02
7.784912071884562967e-02
8.258943021372201765e-02
8.041321890671863926e-02
9.691582091779837871e-02
1.073753948102079275e-01
2.205550711821006871e-01
2.516463197135005436e-01
9.085576705322123692e-01
5.161136860560908701e-01
9.984304546228027488e-02
1.964818875709322676e-01
1.185106783634985450e-01
1.935251984718199258e-01
1.785161955167837433e-01
9.042761728973376656e-02
1.048900597385062777e-01
1.071281717814748097e-01
1.035017829650823618e-01
1.115699701586599507e-01
1.237892541478976122e-01
3.148777201024287598e-01
4.332928813165586868e-01
1.001291288465242735e+00
8.610974261585644385e-01
1.151575455844018464e-01
3.294403176144291567e-01
1.853438525731299080e-01
2.093827570792492765e-01
2.069508820981667829e-01
1.230677982500369971e-01
1.402621315193157692e-01
1.322878914402919048e-01
1.418839073136243245e-01
1.588774547107397739e-01
1.525164948087391059e-01
3.643719166315254610e-01
3.982078282432543470e-01
1.170404355294250243e+00
6.731170613075908582e-01
6.200478154652416807e-01
3.299281317722611573e-01
1.822885526960181801e-01
1.972675988264890878e-01
2.398523601211257628e-01
1.216160790143701875e-01
1.353026019107710642e-01
1.398672872465054340e-01
1.350065564875653212e-01
1.649656223894779006e-01
1.820658209401758709e-01
3.558560103469605163e-01
4.886452528302559495e-01
1.154853916269522385e+00
6.129732616644180121e-01
2.173330277062513749e-01
4.222085864551043399e-01
1.785375118270840777e-01
2.519624992555880572e-01
2.604334903814312097e-01
1.318124983759044744e-01
1.417464360053442007e-01
1.677979403005400993e-01
1.641524782919866754e-01
1.673333770056090464e-01
1.849913651676056425e-01
3.846840894222089968e-01
4.652174923326116707e-01
1.165675116382425269e+00
9.288284133004206522e-01
1.816110670713390884e-01
4.371628968496419354e-01
2.271673291869744649e-01
2.232195183940261229e-01
2.585279879861528407e-01
1.321462184305759180e-01
1.372589234336122621e-01
1.576267732354926510e-01
1.579657683463772389e-01
1.727657237863161055e-01
1.754959592367507648e-01
4.224232988570575942e-01
4.437369268586385807e-01
1.227854751019003210e+00
7.554450299918405998e-01
3.654474290140544840e-02
1.013073077941158973e-01
1.149666280399048481e-02
7.311105080174615245e-03
9.463826498595185807e-03
1.355943581589221826e-02
1.066529197871528278e-02
8.488994466314023560e-03
2.420024296218219531e-02
2.090120420092223333e-02
1.948985295433970644e-02
4.124028050189162964e-02
3.345995039391229386e-02
7.872607750082825928e-02
1.475595524193687447e-01
6.064286291966145166e-03
6.446660884302644889e-02
3.429061896229899931e-02
1.773983790391894105e-02
6.349372824529436743e-02
2.594090980811232169e-02
3.211022600119712439e-02
2.244432258077820250e-02
2.348899856890245344e-02
3.276158124502447089e-02
3.217576689491200709e-02
7.676893212607459327e-02
1.484994473461527520e-01
2.824499259572483267e-01
2.578688156424828182e-01
6.269175552093993187e-02
7.030247876108544625e-02
6.891528815399367014e-02
5.383645936914988744e-02
7.892151864142452067e-02
7.116438064937824493e-02
4.256558725593199283e-02
5.110212959618011530e-02
4.807576947276794022e-02
6.672435417968478055e-02
5.634812929938397968e-02
1.263114005706333087e-01
1.973203645929031413e-01
4.036229187503074800e-01
5.541090170140525739e-01
1.364195941052606664e-01
1.479462599800424327e-01
1.197177096353317927e-01
9.666320632868083407e-02
1.254366249703089131e-01
6.529207741693682232e-02
6.568254809251272697e-02
7.430464218603526072e-02
8.322469304480054064e-02
9.776676144719430306e-02
1.031934426082649209e-01
2.441533956047250709e-01
2.931400748522500210e-01
7.639518767834189150e-01
5.566791288946935090e-01
2.093597305621252083e-02
2.747882159211984532e-01
1.636474080735884351e-01
1.585785493259283530e-01
1.834213978122124500e-01
9.401357752123164213e-02
9.733009118564499296e-02
1.155887249924619498e-01
1.095729826106242172e-01
1.144893100189027652e-01
1.307593136035867520e-01
3.123851066626953110e-01
3.033638912020534817e-01
1.004048785739650063e+00
6.962489087109807739e-01
1.388204991763031526e-01
2.501919433674139048e-01
1.708062750996670598e-01
1.967884687410361433e-01
1.925788872977078903e-01
9.726238186350179282e-02
1.091988712721569527e-01
1.243491938774389932e-01
1.200478684554532882e-01
1.376090276183832006e-01
1.449556006156721144e-01
3.413083761209086409e-01
3.741258034422341727e-01
1.213722452278195751e+00
1.130319642658593526e+00
1.052964694056537504e-01
3.371169720221601218e-01
1.672742028325847341e-01
2.069130803165037669e-01
2.117928441504653425e-01
1.154787038526526727e-01
1.218154512446767285e-01
1.312300576411152830e-01
1.557058642815817850e-01
1.427721061595847440e-01
1.789406639974900903e-01
3.619630709383676037e-01
4.294330194892074237e-01
1.188956713332319559e+00
5.608769848291114135e-01
3.734271983247883231e-01
3.001469310288638614e-01
1.794916961796369226e-01
2.012016185399856660e-01
2.072193049784189223e-01
1.315591198303151244e-01
1.402879922001885604e-01
1.407768698459766765e-01
1.360520910509412651e-01
1.639161617447771890e-01
1.642164826028266744e-01
3.777638898628081221e-01
4.868168845681690726e-01
1.062438855934903614e+00
1.205312711752704269e+00
3.415802967851479521e-01
3.835654912006144501e-01
2.133154657930243503e-01
1.915049265531751366e-01
2.427544023406976448e-01
1.131326836848975115e-01
1.288094525836351867e-01
1.337481164701967429e-01
1.461612202931175664e-01
1.410444614190887180e-01
1.627016919027264863e-01
3.705259495889998700e-01
4.515047103710762011e-01
1.080384450902980964e+00
1.156595615071217331e+00
1.120869503471210501e-03
5.435203100610779686e-03
2.815330470079238125e-03
3.203001593423504371e-03
1.766109691253036490e-02
1.184643706854966901e-02
6.990371835675073843e-03
4.334749140641803479e-03
1.006032534956775339e-02
1.797660641991266628e-02
9.705985382076103701e-03
1.783403807134842020e-02
5.307689971765301717e-02
1.157184023464293138e-01
1.291149178275125264e-01
0.000000000000000000e+00
9.256097344966292273e-02
3.792010150098786003e-02
8.404908310401580651e-02
5.981833083315360455e-02
2.247225098717556616e-02
1.940128523298769239e-02
3.755701750308144959e-02
2.479793137514425469e-02
4.601739403982316179e-02
3.979815043386838308e-02
1.040329458411976965e-01
1.388022428451878565e-01
4.764432181342760364e-01
1.980932009756143641e-01
2.647077320180813986e-01
9.321860106987592265e-02
1.142033627139045632e-01
8.082882373491928618e-02
8.473484646763851380e-02
3.714413380714845503e-02
4.423557216797957548e-02
6.206036297895298898e-02
5.516117766792198729e-02
7.307541338150465304e-02
6.261487933119885829e-02
1.788418598920422098e-01
2.360504083905846651e-01
7.010583029662972310e-01
4.113135919257616679e-01
9.322765119415293844e-02
1.178973586116006528e-01
6.759881630267169927e-02
9.466520348821862163e-02
1.454324868525175007e-01
7.481531471270461142e-02
6.162890590443077798e-02
6.737812370262584449e-02
9.396855238574407243e-02
8.752481427424842197e-02
8.983560207842929135e-02
2.307574237832591968e-01
2.957288722358037414e-01
8.288952636216028180e-01
4.522785341043413787e-01
4.015467646981854544e-02
2.254324451073300151e-01
1.210688489510549082e-01
1.289245579136438780e-01
1.693744956551698488e-01
9.960292718936213097e-02
8.456430660003694255e-02
8.111359581357346915e-02
1.241352578301018056e-01
1.078787332727809134e-01
1.178493119748195844e-01
2.767898901913865006e-01
3.730833689204073322e-01
9.137848652389675141e-01
7.710839729601471904e-01
1.908086895359746224e-02
1.735886387980849488e-01
1.152133108560407376e-01
1.522279363532836882e-01
1.589169858861410600e-01
9.369059216140097901e-02
1.013833291238851742e-01
1.065282832976500865e-01
1.420071444916359560e-01
1.234284339201298375e-01
1.263162871728947256e-01
2.965730219705865478e-01
3.578274380436154978e-01
9.622639705099368390e-01
9.456990721354361362e-01
1.208380746798959349e-01
2.197652884096756853e-01
1.330229064605769618e-01
1.616815510911200626e-01
1.819754426719926710e-01
9.083883429351473360e-02
9.272312935285581537e-02
1.162955276245135894e-01
1.199237457684183966e-01
1.302530997819033587e-01
1.480269413120179900e-01
3.010949806590373923e-01
3.363927828328792669e-01
9.520030561773538125e-01
5.589643710629007556e-01
6.296319910531818220e-02
1.884745284495855933e-01
9.241390449034438126e-02
1.541784014355853938e-01
1.570305898991048443e-01
8.547109062061254703e-02
9.747280515388778710e-02
1.110029244708197194e-01
1.185185439112014516e-01
1.107362423432342036e-01
1.300143826682296777e-01
2.880333088320646273e-01
3.937388167128103023e-01
8.858340356004262839e-01
6.481398143220558072e-01
0.000000000000000000e+00
2.172324879307700185e-01
1.120193975984793838e-01
1.465841190512797432e-01
1.333941141363171878e-01
9.172190921173714595e-02
1.016889462107292003e-01
1.066710191540252983e-01
1.119522384109010310e-01
1.037678180768413089e-01
1.290299909973187664e-01
2.971142670957703791e-01
3.207846210890566985e-01
7.724667531977224000e-01
3.731025418583449049e-01
1.733319131839002047e-03
1.095737845638880201e-02
4.688977449406678960e-03
2.720791143208623527e-03
3.547205639952881462e-02
2.746763246159575518e-03
9.263033092354277381e-03
8.390674808658332012e-03
1.376795537131197782e-02
8.841315459806998664e-03
2.300643248750202513e-02
2.882620327908886476e-02
6.709350443592518309e-02
1.296730392952344657e-01
8.381958191587639273e-02
1.487171375634285852e-03
4.775287674718527858e-02
5.960645645709960333e-02
2.720495000085584869e-02
4.203884485608895549e-02
2.280198433643115807e-02
3.522747900262077070e-02
1.516091930014641306e-02
2.204499498954244630e-02
4.216019071512942806e-02
3.177197093458453830e-02
1.145538013695654167e-01
1.403551317013973232e-01
3.836241551181735487e-01
3.196238574897926066e-01
1.222282907569179899e-01
6.588663494837704304e-02
7.928779081464977507e-02
7.140369597402049240e-02
7.130352227815829613e-02
4.644400042115853083e-02
3.907619364750053448e-02
3.805464524615202737e-02
6.020657539089369764e-02
6.048346649077473297e-02
6.553684846049208368e-02
2.435253675978771293e-01
2.822934498451997176e-01
7.045025848258978929e-01
5.637858243419091586e-01
1.575087912033073037e-02
9.677955697445324301e-02
6.490734788374415143e-02
1.062643283777412323e-01
1.249520672788623360e-01
5.386246980501737530e-02
6.313350095239834980e-02
6.857316209408008401e-02
6.252107364340481199e-02
7.389712548245452872e-02
9.216950393478701153e-02
2.207951322325447940e-01
1.845609296115542086e-01
9.209882887553031416e-01
7.183108004327225515e-01
1.769244782163513219e-01
6.910767627777419930e-02
1.036725605626363234e-01
1.208487630675886548e-01
8.157277865464883371e-02
5.966003273583452005e-02
1.025130619538774102e-01
8.658213019085206352e-02
1.009150274524048541e-01
1.104398615269388817e-01
9.120843720962291956e-02
2.532645219062487629e-01
2.886226741776382609e-01
7.129837777626726325e-01
5.671296730548884835e-01
2.778147334755130538e-01
2.170258509240123590e-01
6.693434626276002775e-02
1.316957415740116211e-01
1.587449586322721984e-01
8.063779000020629417e-02
8.004573132887424225e-02
8.791032241565904792e-02
8.184372082044778784e-02
1.066923357124293925e-01
1.319871099397853242e-01
2.632627451346295500e-01
2.758679480861534472e-01
7.071957722925531487e-01
4.199541783948274598e-01
0.000000000000000000e+00
1.450018425892622420e-01
9.194785332538941980e-02
1.007028347980287036e-01
1.358164783870432490e-01
8.473232889219702024e-02
8.800063020479000075e-02
9.450196919640055371e-02
8.384056254181027068e-02
1.038077592284180478e-01
1.148366119794565626e-01
1.941371963484641583e-01
2.233751726512914759e-01
8.074434847070648402e-01
7.185922116920828717e-01
0.000000000000000000e+00
2.517069349084076202e-01
8.518672803282632822e-02
1.209782345483233629e-01
1.157741504340174671e-01
8.283931735883544312e-02
7.959158791384990383e-02
8.285244829019473845e-02
7.374562724639197042e-02
8.484305483111395652e-02
1.140033592666582357e-01
2.157345900032379971e-01
2.594304207624302250e-01
7.138462524572652956e-01
2.244115401104891661e-01
1.512143972391592206e-01
1.433033981540192958e-01
4.802874535374320603e-02
9.724980514769125672e-02
9.307258910625058890e-02
5.915034786408273487e-02
6.307953443875780053e-02
7.419563119232883142e-02
7.232066297513205233e-02
6.582657578338206583e-02
8.530053890657701698e-02
1.969910395066178099e-01
1.993954871368570081e-01
6.689790015953051006e-01
3.809933598779126629e-01
0.000000000000000000e+00
2.874755953264690814e-03
1.205492685022328987e-02
4.427911433480367226e-02
2.489984367981696103e-02
4.840215194929247365e-03
4.127402928889700902e-03
5.547848257636661326e-03
1.028193804127477788e-02
4.707415478923119428e-03
7.341694155771466210e-03
4.496966763334536016e-02
6.087363709434780168e-02
1.166967882226187109e-01
5.962367054593017968e-02
0.000000000000000000e+00
1.565379380294400560e-02
7.134744580721945340e-02
9.211894745925059552e-03
1.666698786765038326e-02
2.927061839586692429e-02
2.089052501078477939e-02
2.026267067592989538e-02
2.380278072223741825e-02
3.051623178537669900e-02
2.959960629230351872e-02
5.363221070881005886e-02
1.303468673763603369e-01
3.639335370111599355e-01
1.886293138815945958e-01
2.044975714559144897e-01
3.055102719389042251e-02
5.334416278764964048e-02
5.125018135839849720e-02
6.159050116239025985e-02
2.671839184171377612e-02
3.867788910710310418e-02
4.164638136322143525e-02
4.332241341468949514e-02
5.061486365724673919e-02
7.285202524263806323e-02
2.500755889095263584e-01
1.423619639549397742e-01
7.613470853094471691e-01
3.175625404056812151e-01
2.418743217867043716e-01
2.746174177507702541e-01
9.500896664942121150e-02
9.071151777202096644e-02
6.403343105352976572e-02
4.321165790922045641e-02
4.212830484896206568e-02
5.547093883953477245e-02
5.849862466425535812e-02
5.452369231201789623e-02
7.287266843060902222e-02
1.578325444917913489e-01
2.152922854406139341e-01
7.144882266877977672e-01
2.821053786837426358e-01
1.317881380152592652e-01
9.412352259077619299e-02
2.856931084183944938e-02
1.129178856118475544e-01
8.398393084827728006e-02
4.046939108659473178e-02
5.314052832987197633e-02
5.013924143048628657e-02
7.399931129598943946e-02
5.815673358816612210e-02
8.058964048684259807e-02
1.992187258889131507e-01
2.834396980835428015e-01
6.954097221234808446e-01
1.314970923336467479e+00
0.000000000000000000e+00
3.280814244263233898e-02
4.446319542894362764e-02
6.471750592112904266e-02
9.307194855688863400e-02
7.304778186706219201e-02
5.598410406506747899e-02
5.204536337367892535e-02
6.599563977705637241e-02
5.655626212350504251e-02
7.341991197866498675e-02
1.620684742727799277e-01
2.190491538938274252e-01
4.220674580606344484e-01
2.659150980126902541e-01
0.000000000000000000e+00
1.721450991642720085e-01
3.789648905884879238e-02
6.210642468343353928e-02
1.021093161283978118e-01
4.854040398928258226e-02
6.209136896031762498e-02
6.553040444164541511e-02
4.684105181528507716e-02
5.474141976968847217e-02
8.475291637506456033e-02
1.434586934071561126e-01
2.150066119512183405e-01
5.799519853551061699e-01
3.086387208360483192e-01
2.977615650760285365e-02
1.140424079354595555e-01
9.773563667896811857e-02
6.663113317287661097e-02
8.141102476248961162e-02
3.686277454121424796e-02
4.199754744673296625e-02
5.168764644720773294e-02
5.198467275873409899e-02
4.779253271273289222e-02
7.627467749974624345e-02
1.675329346759834859e-01
1.679885410753992891e-01
7.393407435148350304e-01
3.201864492549900687e-01
0.000000000000000000e+00
1.056711676445703518e-01
3.316893154351936018e-02
1.035054687716393113e-01
6.809003585457751306e-02
4.364258405309692085e-02
5.335687304112873841e-02
4.087271642259322768e-02
4.207704706474716533e-02
5.524038077859918378e-02
6.524314857976380722e-02
1.149231958062021108e-01
1.856094455668276244e-01
4.812826841136341738e-01
2.646943924834617712e-01
0.000000000000000000e+00
8.527031589079236973e-02
1.596889867198635071e-02
2.635519336377337152e-02
1.024459046871908398e-02
1.363754695743528336e-03
3.975925252766699877e-03
9.447123620952808248e-03
2.443529414220847566e-03
9.687315079535374976e-03
4.601346748982966875e-03
1.496852327980413046e-02
1.380792642028719902e-02
1.257901607333144489e-01
4.476698389791380350e-01
0.000000000000000000e+00
0.000000000000000000e+00
2.117260535015614079e-02
3.139111437819834191e-03
5.542284801369060099e-02
6.173844549309947735e-03
2.053103355612312039e-02
8.925952486580031320e-02
2.998589286608972088e-02
2.021178461208105598e-02
3.090767176214823456e-02
7.328496369125940546e-02
7.939522428584686042e-02
4.697959020928917373e-01
1.961900847092503397e-01
0.000000000000000000e+00
8.759425904785771155e-02
2.788290833413721928e-02
2.747803153020723574e-02
4.301521060583267386e-02
4.692203311843912844e-02
1.076150946186060949e-02
4.567639838360888077e-02
6.795235937732173326e-02
7.956958629384053294e-02
6.789656597733258192e-02
8.600640073360729665e-02
9.569174648999811961e-02
7.496764905467688811e-01
3.337461199386017041e-01
0.000000000000000000e+00
5.159842079516575863e-02
3.038768774396797059e-02
6.948443868251365230e-02
7.318490918534044376e-02
4.480009608835570228e-02
3.751568599898029432e-02
3.845997770572052304e-02
2.688707846062217063e-02
7.586989654346969203e-02
5.028882995884446233e-02
8.746053579924058241e-02
2.608521835109758880e-01
5.849810021624003431e-01
5.579994005687988201e-01
0.000000000000000000e+00
1.089600069953651357e-01
9.573547356187381285e-02
6.432645274142859138e-02
6.395949884910079319e-02
2.880681505965981132e-02
4.190050302717661379e-02
4.759199031599126856e-02
4.364102584993357486e-02
5.336690288113679626e-02
2.749669996240654279e-02
1.526808455908036932e-01
1.305289808026544873e-01
5.256642698394827784e-01
2.686500026894519944e-01
0.000000000000000000e+00
6.705752321278285466e-02
5.809058439796129653e-02
3.701464287363801647e-02
6.262367393690809747e-02
4.428117820017434675e-02
4.241524674158310415e-02
3.959866504531517339e-02
3.118258901367664329e-02
5.565981952226496665e-02
4.430241434212479901e-02
1.244151565389094993e-01
1.710866919633717287e-01
3.803795875604024657e-01
1.941037343324346909e-01
0.000000000000000000e+00
7.200574342666091199e-02
6.869517445300310499e-02
4.669835073081288201e-02
7.005707537661781670e-02
3.690047476287751371e-02
2.917649397223835012e-02
4.116154652374773987e-02
3.543026877398482849e-02
3.486410167680966538e-02
2.698575622231307036e-02
6.250512953232048585e-02
9.941876050416403876e-02
3.470006164087063860e-01
1.531275175960498114e-01
0.000000000000000000e+00
4.107657056631573017e-02
2.981382933776437899e-02
4.183375660066026430e-02
4.809771470619753769e-02
2.304778491684998307e-02
3.161207615916823005e-02
2.899874239595079742e-02
2.309810704346247981e-02
2.003808479200626727e-02
1.684732984477309986e-02
1.040205057925598503e-01
1.142943885856869679e-01
2.926137577180724647e-01
9.990708593171428176e-02
0.000000000000000000e+00
2.323613635525938539e-02
2.420551915525433195e-02
5.673967852483636359e-02
3.335590273046969145e-02
2.088992305853103887e-02
3.177595120570664983e-02
1.924427624364830405e-02
2.449282425405141517e-02
2.555565510974351986e-02
3.417798428904367247e-02
7.149407957008958869e-02
9.397695122568623660e-02
2.198580923606962834e-01
1.062062601871757161e-01
