3.072968253760591240e-03
6.857244611111776821e-03
3.759033068156775962e-03
7.967413017596373589e-03
8.498830879766655980e-03
4.373710106076359773e-03
7.581185101450389589e-03
8.603451130147038786e-03
8.579938254607356526e-03
5.010758692509375938e-03
7.876561849441614943e-03
7.556257125701221385e-03
9.835305406425196365e-03
9.640320346126421761e-03
6.340410966687973042e-03
9.661162358316446874e-03
8.079379600818425641e-03
9.942125227328908743e-03
1.032149980620343695e-02
1.183097089524233828e-02
6.018159364473642595e-03
8.643006285231267377e-03
1.227111912909063102e-02
1.294564815348828515e-02
1.095907531942102130e-02
1.074764165207408792e-02
1.390418308301240996e-02
5.891180759939273169e-03
6.786151583947160407e-03
6.959472765930783608e-03
1.248168718735306187e-02
1.261379846939805413e-02
1.373381523796646936e-02
1.208991681995505267e-02
1.321727233170471791e-02
7.142847349297130194e-03
9.735098468930804966e-03
1.637573506301072054e-02
6.672515733901864150e-03
1.443211535951628363e-02
1.516202977648601312e-02
1.163414351763975008e-02
1.222958644056000403e-02
1.194334676980267698e-02
7.505855676296852366e-03
9.825489285488325439e-03
5.818864044565902165e-03
1.388494427545309759e-02
1.370883912426229014e-02
1.312074036001894574e-02
1.195241494284261970e-02
1.739105331782910685e-02
1.355291124358176669e-02
1.282226514903468673e-02
7.263348481665069141e-03
5.136899763005528877e-03
1.556574144995010074e-02
7.354761740463885977e-03
1.208414640594409478e-02
1.050217085200144326e-02
1.149856864992697056e-02
1.650789252595273940e-02
1.307469159800409009e-02
1.394816486821401358e-02
1.387568977462822969e-02
8.043896232603211030e-03
7.213977079691410478e-03
2.098166170949658516e-02
8.272141922730742725e-03
1.723775526044537404e-02
1.332093172184436493e-02
1.656854446362241232e-02
1.539754861558895356e-02
1.746287580689367611e-02
1.347045301436307525e-02
1.437043326797568348e-02
1.521789800071957251e-02
7.572368917522190497e-03
3.198604179183586662e-03
1.180914963468751924e-02
4.320335898014402223e-03
1.812442575607586467e-02
1.648050569835642770e-02
2.138985107047928005e-02
1.489508141178759633e-02
1.219447159346050830e-02
1.602740660747093565e-02
1.333154175682120177e-02
1.570600792210066418e-02
1.721489976581893483e-02
7.687298167328155199e-03
5.179085253922824372e-02
1.832658892083326510e-02
1.199202098499434037e-02
1.228239888047265131e-02
1.412220319551045489e-02
1.864837208368358770e-02
1.800382283063766548e-02
1.358584221590677411e-02
1.770080610409199492e-02
1.670974401829097150e-02
1.574145233673429969e-02
1.523808569372681922e-02
1.800790757053357186e-02
7.530268167213394724e-03
1.997628049436174058e-04
3.118456352156491126e-02
1.024217074548101035e-02
9.728892628769535839e-03
1.437725567635793344e-02
1.103103602109163812e-02
1.999267378903038170e-02
1.025405716787953364e-02
1.743920736995756629e-02
1.147462451964037684e-02
1.390146322475665532e-02
1.662779999880620307e-02
1.786447113309409460e-02
1.772287528580260979e-02
7.376952028898930980e-03
7.911619426199392128e-04
4.708794037335363621e-03
7.244565572862068231e-04
1.184682078324355084e-03
1.417365458636350370e-02
3.049265064854315976e-02
1.236006710727568028e-02
2.679901172144161930e-02
6.729878001074452061e-03
2.336553473353674207e-02
1.390701421432636795e-02
1.167920521784864864e-02
1.468750082592620854e-02
1.555680192061401242e-02
1.866539647737590693e-02
6.338659177466151110e-03
2.964381425867436241e-03
0.000000000000000000e+00
2.269713785418390941e-03
3.092468837969976521e-03
2.087601062589462472e-02
1.684085026247261752e-02
1.485881255601856528e-02
2.309467163166234113e-02
9.980943122643953086e-03
2.381339465675657088e-02
2.978596796539460800e-02
1.308935488674047368e-02
1.322067417395686971e-02
2.023694888784908705e-02
1.554546178620930773e-02
1.290226461018955002e-02
7.572914437205284163e-03
0.000000000000000000e+00
3.141359829214315953e-03
1.515009394451359397e-02
5.476895932817434261e-03
9.299558396365644602e-03
3.871080629726283539e-03
1.417129054556737731e-02
2.170234495973606334e-02
8.425688747413567423e-03
1.069409318001031915e-02
1.198152930557642298e-02
1.319044778063729710e-02
1.603348498844084022e-02
1.985454574454687329e-02
1.113491077942698262e-02
1.396710971856511378e-02
1.402239641577929241e-02
7.596648862482390310e-03
0.000000000000000000e+00
0.000000000000000000e+00
0.000000000000000000e+00
0.000000000000000000e+00
9.813335485191972823e-03
8.357082371061566942e-03
9.522581340649014653e-03
6.531415815069279915e-03
5.497264405726691797e-03
1.099196523986319639e-02
1.010761803097271448e-02
1.934999639383287381e-02
1.009811682561547082e-02
1.215603826008588260e-02
9.089393808705308747e-03
1.237357927683742885e-02
9.785190398758436894e-03
8.038777755742049225e-03
2.850929133144269791e-03
0.000000000000000000e+00
0.000000000000000000e+00
0.000000000000000000e+00
1.467072739039283757e-02
4.148294865679530083e-03
1.382648789376282432e-03
5.530764116848267686e-03
4.839591884173858119e-03
5.530677967299243644e-03
2.022787560574847501e-02
6.982078265073501412e-03
2.637545196629629413e-02
8.938825053106178378e-03
5.412363514531661098e-03
1.750770128843784357e-02
1.291540245246818042e-02
1.006461229573658335e-02
1.414542112010559911e-02
6.553346054463452669e-03
3.669431342730588609e-03
0.000000000000000000e+00
0.000000000000000000e+00
0.000000000000000000e+00
0.000000000000000000e+00
1.382643014321762115e-03
2.074048202862045515e-03
3.456780958935928069e-03
9.170044255158318544e-03
1.091688260363275417e-02
4.147932507430016416e-03
4.342422286516866951e-03
2.700434077586892894e-03
1.382745744733242417e-03
3.502277182632844432e-03
1.683566772401543172e-03
7.632185940836530742e-03
2.243682007002908291e-02
4.913216561921974861e-03
2.051024072626728145e-02
1.135381550621601156e-02
3.848292398117211192e-03
0.000000000000000000e+00
0.000000000000000000e+00
0.000000000000000000e+00
0.000000000000000000e+00
1.382758026916344361e-03
2.765322492913238617e-03
2.615691077465501918e-02
1.382620453264303897e-03
1.370973999747348952e-02
6.912549299445121080e-04
5.784330702911308873e-03
6.216313094981482969e-03
2.330832937774299316e-03
1.056857127379051990e-03
1.044542341157097577e-02
4.871756315006447666e-03
1.602674409438316350e-02
7.309748207792516293e-03
1.463813264156526954e-02
4.665333853361117687e-03
7.785416403041448170e-03
3.445756439673972049e-03
3.161486547112060761e-03
7.598901276801239835e-03
4.986956053567521800e-03
8.774492221789279706e-03
1.157132467049932709e-02
7.800250228215986799e-03
1.017101463304568784e-02
1.490610987855360559e-02
1.900076434382017704e-02
1.066772429028002046e-02
1.168054620701626349e-02
1.614394232933391918e-02
2.088639825367908862e-02
2.722221546095738437e-02
1.734501431510691860e-02
1.656494969145095794e-02
1.974127076824864352e-02
2.511335337230667999e-02
3.390290087763930815e-02
3.815440965412103536e-02
2.289393701200087908e-02
1.758163407309248222e-02
1.946480939599901788e-02
2.880183067998169644e-02
3.529499797790500853e-02
4.219032654950006372e-02
4.910898506717023548e-02
2.836532657796349624e-02
1.651578890341352454e-02
2.655175410115540729e-02
2.853975232899477396e-02
4.260111030193711179e-02
4.857909229850399663e-02
5.477026256905236090e-02
6.415886197449671702e-02
3.900561966610179704e-02
1.671198903752080939e-02
2.811648120461731140e-02
3.147227622295025590e-02
4.613267109536088595e-02
4.796166992530475487e-02
6.298044583322326417e-02
6.623635724624818422e-02
8.078366512157456047e-02
4.326600435910852444e-02
1.862372743492587621e-02
2.878811252323167438e-02
4.235125699811460864e-02
4.949143563247841021e-02
6.203943963135512274e-02
6.273374875312122401e-02
8.067922690024384447e-02
8.804828360532979126e-02
9.253034796993486744e-02
5.041502063973202219e-02
2.145234826060054070e-02
2.832562405069638869e-02
4.329579598112535954e-02
5.171010870311366914e-02
6.302391735056629696e-02
7.397420506339444368e-02
8.623740603403290406e-02
9.470071455978890107e-02
1.033861380791494672e-01
1.138163867641836940e-01
6.233398210125604133e-02
1.913494000857247565e-02
3.104663485012179591e-02
3.212346226478308281e-02
4.585191165804089475e-02
6.674744630466492024e-02
6.841084554875256907e-02
9.351255019796929358e-02
1.060087910860951776e-01
1.093457269977974461e-01
1.160051703783307603e-01
1.283877543197310400e-01
6.860245146912968828e-02
4.331019558703907285e-02
2.270879929766490488e-02
3.876309260244706345e-02
4.782692975676162278e-02
7.538913530392266082e-02
1.040052333406249474e-01
8.489599656668612992e-02
9.917547449806775328e-02
1.154460056336327478e-01
1.098585354979587925e-01
1.322889252663162762e-01
1.445227645222937618e-01
6.750958989632040164e-02
2.253626337444342154e-02
1.889564576391767822e-02
2.862730386253883527e-02
5.711440635918388353e-02
5.268599566026108127e-02
9.232696121162316250e-02
7.269778655008812818e-02
9.550038679330520586e-02
1.191417375816975904e-01
1.185278073079933242e-01
1.249558085426069887e-01
1.406909448124946116e-01
1.425493722336807767e-01
7.758522929522680689e-02
1.921209225722613628e-02
2.144527420412903340e-02
4.364556300152619417e-02
7.153497390346742757e-02
5.351791701939481727e-02
7.300254246724885432e-02
6.431552910688005664e-02
9.913650594203606004e-02
1.031076514454336013e-01
1.296106849535879624e-01
1.275236818958900009e-01
1.270346348820322324e-01
1.421090458596842021e-01
1.407241014027507398e-01
7.773844161407135467e-02
2.620166034333790096e-04
6.442456330070031600e-02
6.203602354558236665e-02
6.997482013299742565e-02
6.672438490539653322e-02
5.616889048064088730e-02
7.684941679678128357e-02
9.330123100749720955e-02
1.250926507835841694e-01
1.180678851034334398e-01
1.388883483993580970e-01
1.378633094668239856e-01
1.491235353810720643e-01
1.553000984537068474e-01
1.596678034901453380e-01
8.038030162794791711e-02
7.467015050902259428e-04
2.688612540712310983e-02
5.425882542163319722e-02
3.809823758428618201e-02
1.067492446797922434e-01
5.580439555841488347e-02
4.284786211556867314e-02
1.032519130337064411e-01
1.349421092768984531e-01
1.092027236265089712e-01
1.499741359562841159e-01
1.386144614267141861e-01
1.358938317238038707e-01
1.590853081132476143e-01
1.671464134813950286e-01
1.682884150552854119e-01
7.816186765662253011e-02
0.000000000000000000e+00
1.007061764092198435e-03
2.059436809335003088e-02
1.061961414025175687e-01
3.175001949853033939e-02
7.922751613289436001e-02
1.816046626247246887e-01
6.013336200895741390e-02
1.046887664892661163e-01
1.248986316763134041e-01
1.137244279266249603e-01
1.354172098746957986e-01
1.318671654519918135e-01
1.412965620341889161e-01
1.426258205295273807e-01
1.545139028370417777e-01
1.554939592155237249e-01
7.461524009043483951e-02
0.000000000000000000e+00
0.000000000000000000e+00
0.000000000000000000e+00
0.000000000000000000e+00
2.444724649346652345e-02
5.074962813298201231e-02
1.011363339534405437e-01
6.954420479105222208e-02
8.738470110058861595e-02
1.309023968627633094e-01
1.407096763420535579e-01
1.053592016890605165e-01
1.352347862489304553e-01
1.403994522875420259e-01
1.440122068998171689e-01
1.337969108383393613e-01
1.373132052808336834e-01
1.216220936473417780e-01
6.605995059095155775e-02
0.000000000000000000e+00
0.000000000000000000e+00
0.000000000000000000e+00
0.000000000000000000e+00
8.291673149019561720e-03
3.738611690810539345e-02
1.092723685897884212e-01
5.144242228641710685e-02
9.424159133589762871e-02
1.093231295248559554e-01
1.069504376563057829e-01
1.005409098330194012e-01
9.986074371789584181e-02
1.094241101493549501e-01
1.207343613791745929e-01
1.199586955403192517e-01
1.484085013659962593e-01
1.394123077467665506e-01
1.114088116485619645e-01
5.650555096307120079e-02
0.000000000000000000e+00
0.000000000000000000e+00
0.000000000000000000e+00
0.000000000000000000e+00
1.466497470825216254e-01
1.243479976391173407e-02
2.005739362309371943e-01
4.397654636966896735e-02
5.566966931930355383e-02
6.623988415553871967e-02
1.005334895422476810e-01
1.590776488986830328e-01
8.606529091839486278e-02
1.099248449575407210e-01
1.296224917619701877e-01
1.177333536366412803e-01
1.332188496857963089e-01
1.146873708276599513e-01
1.081247884649138846e-01
1.184162157585649244e-01
3.845805440150932425e-02
0.000000000000000000e+00
0.000000000000000000e+00
0.000000000000000000e+00
0.000000000000000000e+00
2.763822014524091979e-03
8.290000297267129808e-03
1.015021000568530445e-02
8.981113965358243634e-03
2.860105379788438831e-02
2.665332583135423400e-02
5.682575927021448620e-02
1.452067128175923982e-01
7.086912618455529222e-02
6.848331388765688255e-02
6.195786008478758322e-02
9.072181249189596730e-02
1.102523655906961358e-01
9.688321056695473055e-02
1.329467343378947508e-01
9.130140752645683755e-02
1.007294067364451762e-01
2.932679682913960986e-02
3.452426759304199380e-05
1.887252632639467142e-04
1.650154025332220510e-04
4.474214147633962468e-04
4.671840038346307378e-04
5.374825642141807351e-04
9.389902756832247364e-04
1.048904157870672723e-03
2.896964288469849706e-03
2.297027963383298146e-03
5.783556310722448232e-04
2.887538109989179480e-03
3.508042213584279014e-03
6.187689041077437148e-03
5.290475010093927642e-03
1.572081202244198731e-03
3.038983417622980344e-03
5.546760187510691407e-03
9.843636386697029658e-03
1.493608678885470151e-02
1.205855723085941592e-02
2.010254663770112606e-03
5.023065393232005287e-03
9.287957814535350090e-03
1.289096826984210097e-02
2.074276801799457975e-02
2.971307851734562855e-02
2.113751607479307307e-02
1.670281847590732649e-03
5.998380020221407219e-03
1.001809042704583479e-02
1.833977514725122077e-02
2.929046637697806793e-02
4.002752003727602648e-02
5.612305527248803022e-02
3.527247291305612292e-02
2.144215301561074385e-03
9.560990321247651857e-03
1.269047075416951387e-02
2.184621842541675449e-02
3.087887417075517449e-02
4.685346789374089660e-02
6.904990577752724568e-02
9.179436568621007764e-02
5.588440077232854908e-02
1.611632575649733605e-03
1.150262326464192644e-02
1.361717746252135049e-02
2.461586389782291842e-02
4.302619584003132547e-02
5.881328009708097770e-02
8.400583321476504106e-02
1.154550169920985775e-01
1.373465876864900237e-01
8.649288104764051022e-02
2.884421445071783541e-03
5.998688207507915648e-03
1.680190137203181958e-02
2.976470177928497440e-02
4.107528128503303705e-02
5.677515357151715486e-02
9.688947832030152252e-02
1.256725332866883427e-01
1.593926657979796435e-01
1.912818314943754705e-01
1.082763372682728070e-01
7.251969164099302326e-03
4.426861674076300671e-03
2.219915832843188594e-02
3.875542089632794118e-02
5.759450009365144063e-02
7.215169968003762313e-02
1.071928025420385150e-01
1.394672963744864047e-01
1.722219726409047746e-01
2.301758900148982712e-01
2.522319676714774861e-01
1.437837151850070438e-01
7.503460638260624248e-04
8.592323661591710904e-03
1.652561764750805004e-02
2.827112503083257719e-02
4.735424261003192553e-02
8.059400307610689596e-02
1.179964840480344362e-01
1.523365963824190039e-01
1.946571970271650798e-01
2.235903912060172027e-01
2.858880841684373619e-01
3.159216871265646542e-01
1.739330374410208990e-01
1.555857299091618342e-03
1.491175335734295018e-02
1.175847575302340665e-02
3.937520985303639282e-02
6.271944667389559025e-02
8.258773600991675679e-02
1.277667165981446751e-01
1.380503097768167597e-01
2.056732687567269513e-01
2.536508381453326799e-01
2.942811291795046080e-01
3.297097357819638863e-01
3.804334990756269574e-01
2.051163703074093125e-01
1.136976962928474416e-03
6.223062790277657241e-03
3.623933887031737661e-02
1.840570067599066328e-02
4.743886392366161719e-02
8.032795844927598239e-02
1.426849004892228878e-01
1.496163757372732661e-01
2.173515676406703734e-01
2.446373761492176557e-01
3.042585374210565741e-01
3.594666302978329342e-01
4.028591268072370113e-01
4.236629870035529821e-01
2.285251720984168844e-01
1.050574295949778178e-02
3.198158804360373697e-02
1.606740739538224313e-02
3.770428280611572841e-02
4.479868198644680610e-02
5.662831565878888307e-02
1.520189170016592872e-01
1.499482168585532793e-01
2.067886312453539044e-01
2.708179987162494529e-01
3.183818618155430658e-01
3.600879094076264719e-01
3.939296076198584018e-01
4.398660988516192583e-01
4.866717977503214887e-01
2.492504416166734516e-01
0.000000000000000000e+00
0.000000000000000000e+00
3.164253357960538499e-02
2.978548087653833804e-02
4.171672274258939744e-02
5.913181798213155982e-02
9.157486377480203443e-02
1.587814796424987240e-01
1.877495787752150036e-01
2.416290183024608629e-01
3.168872093774435239e-01
3.799524940445463961e-01
3.898861058225460141e-01
4.552483549219437098e-01
4.909314187495854576e-01
5.061311103781910292e-01
2.506328435987416614e-01
7.566699298167188503e-03
0.000000000000000000e+00
0.000000000000000000e+00
5.301650361749139784e-02
9.752237321998424857e-03
7.260236786944718190e-02
9.970478895625092819e-02
1.413236139543302683e-01
1.743887651496588698e-01
1.641739312768240866e-01
2.382583393166358421e-01
3.132044489629249306e-01
3.590907952755441057e-01
4.080126004878475432e-01
4.252037431718075911e-01
4.663451462458857999e-01
4.896844805488292374e-01
2.437257606240031405e-01
0.000000000000000000e+00
3.151285709843942850e-02
0.000000000000000000e+00
0.000000000000000000e+00
1.598695319230550999e-02
9.660921212632529037e-03
5.666202889964189193e-02
6.146322122763300810e-02
1.200761490806324244e-01
2.127606250089707773e-01
2.401634646207704837e-01
3.117881971793705076e-01
3.371462908888557819e-01
3.746173264250277080e-01
3.868569651749583782e-01
4.189801548831432187e-01
4.700657021056238172e-01
4.311736631802689512e-01
2.369541722365877678e-01
0.000000000000000000e+00
0.000000000000000000e+00
0.000000000000000000e+00
0.000000000000000000e+00
4.139999409626068418e-03
1.103988932930358158e-02
1.725357985286014514e-02
4.295653253394385307e-02
1.006982438263127749e-01
1.538337214406506337e-01
1.636442365620046357e-01
2.056054199121119530e-01
2.557078663215078818e-01
3.140557272063748129e-01
3.598150399517482390e-01
3.920592789232659192e-01
3.736007523806897934e-01
4.257994105608066127e-01
4.226566390511358184e-01
1.664617783449069965e-01
0.000000000000000000e+00
0.000000000000000000e+00
0.000000000000000000e+00
0.000000000000000000e+00
2.071198375430976894e-03
1.848526138268793972e-01
8.970702892613289375e-03
2.297204115993506726e-02
4.641697958574531047e-02
8.408517972043415278e-02
1.473588260406044348e-01
1.866052593986226860e-01
1.778859796420376171e-01
1.768504529853719698e-01
2.773060736589204600e-01
3.373350004921344403e-01
3.712032618040202459e-01
3.520190065129230050e-01
3.057406023715763532e-01
2.818717084651871652e-01
1.397591409621929404e-01
0.000000000000000000e+00
0.000000000000000000e+00
0.000000000000000000e+00
0.000000000000000000e+00
6.902206288655280807e-04
2.761127953976609452e-03
1.917981419222714035e-02
5.520559768008710851e-03
2.139706606879029221e-02
6.835916254141383153e-02
6.078057124330423638e-02
1.830841510489661650e-01
8.583448444358068863e-02
1.791412384106360334e-01
2.861683930170629275e-01
2.318554344734138906e-01
2.726484602796198642e-01
2.929873354601661983e-01
2.743575423330414376e-01
2.193039331676954473e-01
1.996446977409477019e-01
8.085453932265308785e-02
0.000000000000000000e+00
0.000000000000000000e+00
0.000000000000000000e+00
0.000000000000000000e+00
0.000000000000000000e+00
1.211065306498925733e-05
0.000000000000000000e+00
0.000000000000000000e+00
0.000000000000000000e+00
0.000000000000000000e+00
0.000000000000000000e+00
0.000000000000000000e+00
3.544744459878833510e-05
2.395944460558872645e-05
9.799353085184353020e-05
0.000000000000000000e+00
0.000000000000000000e+00
0.000000000000000000e+00
1.079358001333597853e-04
4.122095451660049196e-04
4.248708541639107609e-04
0.000000000000000000e+00
6.169379463342098801e-05
0.000000000000000000e+00
4.163891195234849956e-04
7.949053976056633932e-04
2.222597650434189782e-03
2.054495329533369274e-03
0.000000000000000000e+00
1.196955618492096793e-04
6.652827742041692027e-04
6.376983651778964047e-04
2.074740905818802609e-03
3.987828943629615104e-03
7.355750143245876407e-03
6.755588464239922417e-03
0.000000000000000000e+00
1.427305173696530435e-04
5.622748930867802874e-04
8.140946377667663885e-04
2.316545106747441764e-03
5.745415415154484819e-03
1.227388149465133589e-02
2.002717680905500772e-02
1.637384282928247906e-02
3.505352439326012951e-05
1.517815856299596221e-04
4.242057380746899428e-04
1.155949290230939190e-03
4.814554710893184999e-03
8.625163398650183971e-03
1.657264810309850775e-02
2.918090569831366388e-02
4.503552057548511345e-02
3.174110110681818003e-02
0.000000000000000000e+00
1.177613939834963857e-03
7.165544104741276669e-04
2.427566214697559135e-03
4.696010124882186651e-03
1.266481473471353300e-02
1.962256378529448481e-02
3.604514716587973316e-02
5.633375171756841576e-02
7.779176718554667302e-02
5.193602201922905420e-02
0.000000000000000000e+00
0.000000000000000000e+00
6.603705861444882736e-04
3.199338567189787680e-03
7.124177774654373400e-03
1.179796662359456315e-02
2.762888347144804024e-02
4.512693257082505544e-02
7.339904486805468031e-02
9.515018845972571249e-02
1.300810265190555648e-01
7.999273419782818029e-02
5.742067349238886296e-04
0.000000000000000000e+00
2.271849063608569576e-04
5.693164645974704841e-03
4.561682359434627090e-03
1.804398691785273623e-02
3.234843188236363742e-02
4.950966847575064000e-02
7.463701403666343770e-02
1.186898242362300071e-01
1.489376483803007689e-01
1.864374896256670577e-01
1.139087903450380912e-01
0.000000000000000000e+00
3.607597259780092008e-04
1.337582237607422590e-03
3.204856724532440838e-03
9.255179085302258843e-03
1.579872278579927403e-02
3.161605504360085611e-02
5.738385588891037337e-02
8.509642027691667610e-02
1.201756626040194065e-01
1.553530786629032656e-01
2.144755913347854981e-01
2.589505603979248560e-01
1.534558727569707293e-01
5.301114712314483439e-03
0.000000000000000000e+00
2.669650485111609711e-03
3.568574723271413385e-03
8.618099101200480880e-03
1.786297739259618683e-02
4.331731839398718364e-02
5.178856434850687140e-02
9.548104136847263002e-02
1.404655634611979564e-01
1.868074943415816980e-01
2.400678814780072279e-01
2.854693748204187309e-01
3.257117366161279004e-01
1.783964069673948105e-01
0.000000000000000000e+00
0.000000000000000000e+00
0.000000000000000000e+00
0.000000000000000000e+00
5.312360380877302266e-03
6.249368760469577871e-03
3.450719332773257569e-02
5.974569798270688847e-02
1.076320547094577196e-01
1.217747145845555629e-01
1.744766464457113975e-01
2.399844765825174808e-01
2.799898738400722897e-01
3.403899505082234600e-01
3.621178700491583524e-01
2.026653711255800849e-01
0.000000000000000000e+00
0.000000000000000000e+00
3.385498316288668239e-03
0.000000000000000000e+00
8.774166420637980954e-03
2.202463407075015700e-02
4.965417055975964930e-03
5.473398741532706224e-02
5.746158735047116051e-02
1.420720107268370613e-01
1.875554168305469671e-01
2.478723499529204011e-01
2.863634767597256769e-01
3.614314792331573267e-01
3.715319371828613160e-01
4.105840521706661805e-01
2.154623398706016491e-01
0.000000000000000000e+00
0.000000000000000000e+00
0.000000000000000000e+00
0.000000000000000000e+00
6.670295237166659272e-04
1.011089734563250762e-02
7.343345260647077266e-02
3.262566680941952901e-02
4.374749351229220012e-02
8.126526135905244586e-02
1.322829661309098959e-01
1.716042064314902971e-01
2.049138065352441862e-01
2.972083552793960415e-01
3.316557317345870670e-01
3.709894798141160077e-01
4.096854728018921032e-01
1.822957044466411991e-01
0.000000000000000000e+00
0.000000000000000000e+00
0.000000000000000000e+00
0.000000000000000000e+00
0.000000000000000000e+00
3.444265979367827895e-03
3.472765780669924418e-02
3.434583526105474544e-02
2.906045069170767881e-02
6.754404113551046307e-02
7.989853501140697922e-02
1.299501754426844458e-01
1.757774196413453560e-01
1.935904819894976314e-01
2.639216967087335552e-01
3.030082469651885213e-01
3.237000558765499858e-01
3.089873068257531497e-01
1.369667642328869506e-01
0.000000000000000000e+00
0.000000000000000000e+00
0.000000000000000000e+00
0.000000000000000000e+00
6.891096319771509819e-04
6.889629536507688081e-04
6.891678195993676190e-04
2.645195118196871920e-02
9.869437962719692162e-03
1.647557384513172185e-02
8.050469362067134982e-02
1.030499460474234713e-01
1.627972292883841376e-01
1.595521742796348064e-01
2.476681723203651708e-01
2.314413197318011262e-01
2.422417519613913606e-01
2.944032259281973984e-01
2.332722366097205180e-01
9.961829111681896887e-02
0.000000000000000000e+00
0.000000000000000000e+00
0.000000000000000000e+00
0.000000000000000000e+00
1.378011373514139923e-03
1.378042756451861332e-03
2.067341913660637048e-03
6.886161907568268603e-04
8.267864961612195890e-03
8.955757828265563728e-03
4.364659143469420965e-02
3.443336440502423046e-02
8.277120459233533456e-02
1.177160415456070253e-01
1.855315682600754135e-01
1.813370352928152240e-01
2.030857812305340016e-01
1.817712398735012169e-01
1.683247959397279059e-01
1.608497417206433966e-01
7.134925158776742049e-02
0.000000000000000000e+00
0.000000000000000000e+00
0.000000000000000000e+00
0.000000000000000000e+00
0.000000000000000000e+00
1.377926126753655119e-03
2.755568330114640391e-03
6.890072777716116457e-04
4.986268196997899194e-02
1.377869581887779162e-03
6.200107152873459392e-03
1.043165823960943636e-02
8.605926829625379360e-02
5.359098080643395767e-02
2.881246295575780603e-01
1.657593573859634795e-01
1.011367410936233058e-01
1.445977931646557912e-01
1.148840410763296987e-01
1.363255343351066351e-01
1.001574256916440697e-01
3.868951574435360724e-02
0.000000000000000000e+00
0.000000000000000000e+00
0.000000000000000000e+00
0.000000000000000000e+00
0.000000000000000000e+00
0.000000000000000000e+00
0.000000000000000000e+00
0.000000000000000000e+00
0.000000000000000000e+00
0.000000000000000000e+00
0.000000000000000000e+00
0.000000000000000000e+00
0.000000000000000000e+00
0.000000000000000000e+00
3.862176101235395190e-06
0.000000000000000000e+00
0.000000000000000000e+00
0.000000000000000000e+00
0.000000000000000000e+00
5.347072938443640176e-06
6.315771051534773267e-06
0.000000000000000000e+00
0.000000000000000000e+00
0.000000000000000000e+00
0.000000000000000000e+00
7.636713055785059471e-06
4.487405944842829438e-05
8.698288232201258638e-05
0.000000000000000000e+00
0.000000000000000000e+00
0.000000000000000000e+00
0.000000000000000000e+00
8.581009810812926630e-05
8.685549439486285237e-05
5.095537238305327754e-04
8.657488493820597554e-04
0.000000000000000000e+00
0.000000000000000000e+00
0.000000000000000000e+00
0.000000000000000000e+00
2.247225551974040090e-04
2.055308356458289203e-04
1.462518278212702767e-03
3.326085960772581177e-03
3.110942044552600545e-03
0.000000000000000000e+00
0.000000000000000000e+00
0.000000000000000000e+00
1.290648066540835050e-04
3.128972619675381801e-04
1.580543504750440238e-03
1.653992637845744934e-03
5.106480493371032443e-03
1.111172473611463096e-02
7.458059910207285800e-03
0.000000000000000000e+00
0.000000000000000000e+00
0.000000000000000000e+00
7.516234048457358298e-05
1.100343360456020953e-04
1.445852867342009920e-03
3.326517367754083451e-03
7.967802658293667364e-03
1.338110246626647744e-02
2.404265764400046954e-02
1.784887359542236540e-02
0.000000000000000000e+00
0.000000000000000000e+00
3.430554344000815944e-04
1.543363584519388202e-04
3.598183571647148261e-04
2.062958936942969109e-03
4.286790924185267769e-03
8.542313101511602239e-03
1.973717475345846198e-02
3.342955333881689889e-02
4.599918863591890422e-02
3.179442557899246624e-02
0.000000000000000000e+00
0.000000000000000000e+00
0.000000000000000000e+00
9.715475350981747681e-04
5.888557605935156860e-04
3.934685589447700985e-03
8.064488082842529576e-03
1.115073706782476227e-02
2.171994411354115362e-02
3.734982867173700788e-02
5.483514027349446068e-02
7.924812743550627148e-02
5.121357700242250982e-02
0.000000000000000000e+00
0.000000000000000000e+00
0.000000000000000000e+00
4.343365930277260029e-04
1.085891465370719894e-03
4.192559933386303360e-03
5.462024824394961370e-03
1.415581843549300507e-02
2.568005858424594889e-02
4.018620955882689499e-02
6.445362644226347582e-02
9.512289082436181653e-02
1.253125636376379026e-01
7.372149470250161096e-02
0.000000000000000000e+00
0.000000000000000000e+00
0.000000000000000000e+00
0.000000000000000000e+00
1.120223785156751489e-04
3.189444996355498153e-03
1.041291833766975171e-02
1.572320590705572271e-02
2.733654240378854960e-02
4.388619630305725522e-02
8.549683184326457852e-02
1.115764443449533405e-01
1.392552496209488178e-01
1.557723941097354792e-01
1.003937169791674078e-01
0.000000000000000000e+00
0.000000000000000000e+00
0.000000000000000000e+00
0.000000000000000000e+00
0.000000000000000000e+00
3.497278995663712434e-04
9.862126186102005906e-03
2.002412302811257261e-02
2.316979312160207319e-02
4.127200577082396071e-02
7.326930286154322014e-02
1.030420782994138362e-01
1.258993286201012807e-01
1.646936659963615102e-01
1.959467236527238365e-01
1.096882130119397752e-01
0.000000000000000000e+00
0.000000000000000000e+00
0.000000000000000000e+00
0.000000000000000000e+00
0.000000000000000000e+00
7.686768007360015231e-04
3.408676332833973296e-03
9.947489284496747672e-03
1.452987752783614986e-02
4.262584133681961845e-02
6.046871828657555958e-02
8.718951879889549894e-02
1.341261300364681719e-01
1.698405420760596973e-01
1.825854450909052407e-01
2.143445455470674166e-01
1.081844704093864740e-01
0.000000000000000000e+00
0.000000000000000000e+00
0.000000000000000000e+00
0.000000000000000000e+00
4.086277568339640245e-03
0.000000000000000000e+00
1.625354193954571883e-02
1.038006839931397349e-02
2.311648020305508838e-02
2.468213808955555671e-02
4.110748410929068730e-02
4.364646216787066574e-02
8.993200433459158649e-02
1.300555820981111887e-01
1.487868061449174328e-01
1.809346878979170015e-01
2.166013309953626897e-01
1.006963258753957591e-01
0.000000000000000000e+00
0.000000000000000000e+00
0.000000000000000000e+00
0.000000000000000000e+00
0.000000000000000000e+00
0.000000000000000000e+00
7.640094835820688754e-03
0.000000000000000000e+00
1.368949765151751367e-02
2.736610603668782060e-02
5.161091950757885904e-02
5.300507929520553718e-02
6.271981508278406947e-02
1.210445163460133616e-01
1.149654299049111816e-01
1.578978489535438068e-01
1.510415292168687529e-01
1.332807237703668157e-01
5.783746563951913666e-02
0.000000000000000000e+00
0.000000000000000000e+00
0.000000000000000000e+00
0.000000000000000000e+00
0.000000000000000000e+00
0.000000000000000000e+00
0.000000000000000000e+00
6.880273878288367716e-04
6.881336030748952046e-04
5.744503953492271879e-03
4.607071713006059138e-02
3.036826109445434768e-02
2.716382179062522967e-02
7.527840338582886259e-02
8.608500589492369681e-02
9.310592922863059062e-02
1.181180885661030494e-01
1.101717412918221950e-01
9.299619461877010884e-02
3.382152039927528719e-02
0.000000000000000000e+00
0.000000000000000000e+00
0.000000000000000000e+00
0.000000000000000000e+00
0.000000000000000000e+00
0.000000000000000000e+00
0.000000000000000000e+00
0.000000000000000000e+00
1.376079052980793685e-03
0.000000000000000000e+00
4.497475500186434716e-03
1.532516934904581268e-02
3.473616246773860144e-03
5.337034537739654416e-02
3.067455470512205420e-02
4.369461366352007936e-02
5.823937903512881736e-02
6.583004698472597060e-02
6.210448493985867152e-02
6.612258506830871740e-02
1.560712278963697665e-02
0.000000000000000000e+00
0.000000000000000000e+00
0.000000000000000000e+00
0.000000000000000000e+00
0.000000000000000000e+00
0.000000000000000000e+00
0.000000000000000000e+00
0.000000000000000000e+00
1.376280834601019279e-03
0.000000000000000000e+00
2.752392594663670942e-03
3.440907059463027377e-03
1.405751773745595422e-02
8.700451105840852073e-02
4.199909304558192835e-02
1.346640351470874963e-02
2.862126626706100810e-02
3.747605054481505799e-02
3.901150551327255134e-02
2.398938983041551398e-02
1.034596837064894782e-02
2.720581107063738211e-03
0.000000000000000000e+00
0.000000000000000000e+00
0.000000000000000000e+00
0.000000000000000000e+00
0.000000000000000000e+00
0.000000000000000000e+00
0.000000000000000000e+00
0.000000000000000000e+00
0.000000000000000000e+00
0.000000000000000000e+00
0.000000000000000000e+00
0.000000000000000000e+00
0.000000000000000000e+00
0.000000000000000000e+00
0.000000000000000000e+00
0.000000000000000000e+00
0.000000000000000000e+00
0.000000000000000000e+00
0.000000000000000000e+00
0.000000000000000000e+00
0.000000000000000000e+00
0.000000000000000000e+00
0.000000000000000000e+00
0.000000000000000000e+00
0.000000000000000000e+00
0.000000000000000000e+00
8.433389878564727382e-06
1.323410823370236286e-05
0.000000000000000000e+00
0.000000000000000000e+00
0.000000000000000000e+00
0.000000000000000000e+00
0.000000000000000000e+00
1.271553242281562130e-05
3.222420589360434597e-05
5.059931210190872399e-05
0.000000000000000000e+00
0.000000000000000000e+00
0.000000000000000000e+00
0.000000000000000000e+00
0.000000000000000000e+00
4.374977912557694585e-05
7.187170293239377383e-05
3.835599367176181903e-04
7.015892690365175318e-04
0.000000000000000000e+00
0.000000000000000000e+00
0.000000000000000000e+00
0.000000000000000000e+00
2.220127812470734302e-05
7.719316096217523362e-05
1.746991608431129465e-04
5.639249133851369916e-04
1.370259857362404353e-03
1.582130024462041719e-03
0.000000000000000000e+00
0.000000000000000000e+00
0.000000000000000000e+00
0.000000000000000000e+00
3.008399258350469036e-05
1.167039291617970879e-04
1.065614991185718455e-03
1.155404333628576438e-03
3.057680696648306870e-03
6.020566776493248805e-03
4.960576765547909314e-03
0.000000000000000000e+00
0.000000000000000000e+00
0.000000000000000000e+00
0.000000000000000000e+00
1.508416319119395310e-05
2.269461327812709013e-04
9.274162446745645976e-04
2.078001000375099151e-03
3.758332107304886410e-03
9.677467043344718800e-03
1.498998638858647404e-02
1.111372327751996431e-02
0.000000000000000000e+00
0.000000000000000000e+00
0.000000000000000000e+00
0.000000000000000000e+00
1.851736450999714447e-04
2.917205260333998959e-05
8.354457289939757345e-04
2.204225028891545601e-03
5.769767739439369408e-03
1.043727169309903446e-02
1.992458508728950362e-02
3.271468706915450081e-02
2.216536346600006882e-02
0.000000000000000000e+00
0.000000000000000000e+00
0.000000000000000000e+00
0.000000000000000000e+00
0.000000000000000000e+00
7.630690017527858591e-04
5.201958283118740490e-04
3.401668710775840581e-03
5.059683326979970593e-03
1.400518906247455626e-02
2.513400523387753979e-02
3.516426444221987940e-02
5.012980762615648622e-02
3.154029554179262756e-02
0.000000000000000000e+00
0.000000000000000000e+00
0.000000000000000000e+00
0.000000000000000000e+00
0.000000000000000000e+00
2.584467587748629728e-03
1.260207027991966117e-03
6.948463067962350366e-03
6.140626838980651168e-03
1.562315202452231079e-02
2.446470220578416191e-02
4.025244212051912185e-02
5.903110437441418112e-02
6.755454034033142596e-02
3.927627193855526277e-02
0.000000000000000000e+00
0.000000000000000000e+00
0.000000000000000000e+00
0.000000000000000000e+00
0.000000000000000000e+00
0.000000000000000000e+00
7.189384126565107622e-04
2.181679578383138862e-03
7.084678366361995931e-03
1.197160457645565432e-02
2.424110273892804424e-02
3.892295244858499925e-02
5.290188382989780003e-02
6.569589912478694671e-02
8.293063096124136946e-02
3.980685572345037115e-02
0.000000000000000000e+00
0.000000000000000000e+00
0.000000000000000000e+00
0.000000000000000000e+00
0.000000000000000000e+00
0.000000000000000000e+00
1.614649741982241826e-03
7.368505004478450617e-03
5.390670980906175913e-03
9.493615255278777670e-03
2.021232542828822407e-02
3.312236237073618722e-02
4.049183183251976043e-02
7.235173474361278334e-02
8.627936812169657854e-02
8.881224803216315744e-02
4.019659941534614589e-02
0.000000000000000000e+00
0.000000000000000000e+00
0.000000000000000000e+00
0.000000000000000000e+00
0.000000000000000000e+00
0.000000000000000000e+00
0.000000000000000000e+00
2.942324772794105685e-03
4.815777032061688626e-03
2.540155209144003869e-03
1.028251734595905971e-02
2.400575213505124969e-02
3.339776400624126784e-02
4.380278274056919469e-02
6.066729664429247604e-02
6.991544537971916551e-02
7.245201030951736731e-02
3.685192711071137023e-02
0.000000000000000000e+00
0.000000000000000000e+00
0.000000000000000000e+00
0.000000000000000000e+00
0.000000000000000000e+00
0.000000000000000000e+00
0.000000000000000000e+00
0.000000000000000000e+00
6.872458777548936821e-04
1.056913238448285242e-03
1.163960370861025738e-02
4.377421225395317257e-03
1.740926708137881251e-02
3.886241907742791352e-02
3.520197233987706897e-02
5.061083698747029930e-02
5.803023609926940413e-02
4.449926963860904860e-02
1.792435738196674136e-02
0.000000000000000000e+00
0.000000000000000000e+00
0.000000000000000000e+00
0.000000000000000000e+00
0.000000000000000000e+00
0.000000000000000000e+00
6.872655991181179100e-04
6.876545355240211779e-04
0.000000000000000000e+00
2.055867867545772484e-03
0.000000000000000000e+00
3.219504519924048461e-03
1.985236512961724084e-02
3.154950165697690406e-02
2.163870502546974550e-02
2.640881598706030023e-02
2.962260138064181161e-02
2.375886952913279851e-02
2.429870303997951064e-02
7.417925480216479121e-03
0.000000000000000000e+00
0.000000000000000000e+00
0.000000000000000000e+00
0.000000000000000000e+00
0.000000000000000000e+00
0.000000000000000000e+00
0.000000000000000000e+00
0.000000000000000000e+00
6.876987444217145260e-04
6.874981188702393182e-04
1.375005983396803549e-03
1.962381547573664731e-02
6.876093277186504441e-04
7.722649924807685126e-03
4.278900414036931887e-02
1.626725986671164262e-02
1.638188509699497336e-02
1.771859677420179607e-02
7.719766609421738202e-03
1.236540785371684215e-02
6.462108721735354685e-04
0.000000000000000000e+00
0.000000000000000000e+00
0.000000000000000000e+00
0.000000000000000000e+00
0.000000000000000000e+00
0.000000000000000000e+00
0.000000000000000000e+00
0.000000000000000000e+00
0.000000000000000000e+00
0.000000000000000000e+00
2.880137897017037360e-02
2.078514841902940474e-02
6.874305879422203504e-04
2.970461517980368862e-03
1.178003346935639628e-02
2.566906973646810100e-02
3.370451331222963122e-03
5.515751114007437332e-03
7.120733806988249412e-03
1.410749787867581709e-04
2.779107802031703807e-04
0.000000000000000000e+00
0.000000000000000000e+00
0.000000000000000000e+00
0.000000000000000000e+00
0.000000000000000000e+00
0.000000000000000000e+00
0.000000000000000000e+00
0.000000000000000000e+00
0.000000000000000000e+00
0.000000000000000000e+00
0.000000000000000000e+00
0.000000000000000000e+00
0.000000000000000000e+00
0.000000000000000000e+00
0.000000000000000000e+00
0.000000000000000000e+00
0.000000000000000000e+00
0.000000000000000000e+00
0.000000000000000000e+00
0.000000000000000000e+00
0.000000000000000000e+00
0.000000000000000000e+00
0.000000000000000000e+00
0.000000000000000000e+00
0.000000000000000000e+00
0.000000000000000000e+00
0.000000000000000000e+00
0.000000000000000000e+00
0.000000000000000000e+00
0.000000000000000000e+00
0.000000000000000000e+00
0.000000000000000000e+00
0.000000000000000000e+00
0.000000000000000000e+00
0.000000000000000000e+00
4.742130228428917844e-06
7.996138101613945169e-06
0.000000000000000000e+00
0.000000000000000000e+00
0.000000000000000000e+00
0.000000000000000000e+00
0.000000000000000000e+00
0.000000000000000000e+00
0.000000000000000000e+00
3.115604946998989705e-05
1.199372316928912864e-04
0.000000000000000000e+00
0.000000000000000000e+00
0.000000000000000000e+00
0.000000000000000000e+00
0.000000000000000000e+00
2.207715260515148259e-05
3.538877141037962592e-05
1.356701952319749351e-04
3.863593586304833478e-04
4.942525940608822298e-04
0.000000000000000000e+00
0.000000000000000000e+00
0.000000000000000000e+00
0.000000000000000000e+00
0.000000000000000000e+00
0.000000000000000000e+00
8.018810872262836526e-05
2.026616410557411545e-04
9.877144259265624622e-04
1.053210443425303157e-03
1.453886566800023520e-03
0.000000000000000000e+00
0.000000000000000000e+00
0.000000000000000000e+00
0.000000000000000000e+00
0.000000000000000000e+00
0.000000000000000000e+00
0.000000000000000000e+00
4.629828754896421201e-04
1.665142616842114160e-03
2.235348174233260047e-03
4.213022162742564511e-03
3.503553023335194850e-03
0.000000000000000000e+00
0.000000000000000000e+00
0.000000000000000000e+00
0.000000000000000000e+00
0.000000000000000000e+00
0.000000000000000000e+00
8.257148544249626556e-05
4.340309824706814869e-04
1.330561667183686623e-03
3.494984204373800026e-03
6.254867436450183178e-03
9.860919082659765425e-03
7.285144146685244154e-03
0.000000000000000000e+00
0.000000000000000000e+00
0.000000000000000000e+00
0.000000000000000000e+00
0.000000000000000000e+00
0.000000000000000000e+00
1.584418625260942991e-04
4.004374425655106212e-04
1.999855963250589570e-03
2.994000833539909104e-03
7.218954430589425743e-03
1.260418394408595322e-02
1.826323888762165087e-02
1.025055634196091713e-02
0.000000000000000000e+00
0.000000000000000000e+00
0.000000000000000000e+00
0.000000000000000000e+00
0.000000000000000000e+00
0.000000000000000000e+00
3.116791184000906574e-04
1.035204231771266314e-03
2.066419563050546186e-03
2.522169556373007882e-03
7.188263693748198936e-03
1.310802629040138181e-02
1.849883088869158990e-02
2.460733140636037902e-02
1.464717169415523899e-02
0.000000000000000000e+00
0.000000000000000000e+00
0.000000000000000000e+00
0.000000000000000000e+00
0.000000000000000000e+00
0.000000000000000000e+00
0.000000000000000000e+00
9.350983678975672122e-04
2.477334342191201029e-03
3.930603947663752554e-03
5.946390060456586968e-03
1.014671014941111171e-02
1.745490299365478476e-02
2.380339134014464175e-02
3.062500062371726825e-02
1.608506047439577785e-02
0.000000000000000000e+00
0.000000000000000000e+00
0.000000000000000000e+00
0.000000000000000000e+00
0.000000000000000000e+00
0.000000000000000000e+00
0.000000000000000000e+00
0.000000000000000000e+00
4.605524631060637286e-04
4.417984613465381592e-03
2.280281542267505960e-03
9.928595859078849853e-03
1.454833251729793948e-02
1.862438105689166387e-02
2.688161387177348885e-02
3.241798591814335634e-02
1.555615455033147396e-02
0.000000000000000000e+00
0.000000000000000000e+00
0.000000000000000000e+00
0.000000000000000000e+00
0.000000000000000000e+00
0.000000000000000000e+00
0.000000000000000000e+00
0.000000000000000000e+00
3.959157620425201272e-03
5.498132201998638929e-04
1.755030524164049059e-03
4.935234166572234453e-03
1.122612695771624952e-02
1.279028268974688118e-02
2.417174342937771295e-02
2.294779336196743624e-02
2.037911929991513202e-02
8.620425283852230919e-03
0.000000000000000000e+00
0.000000000000000000e+00
0.000000000000000000e+00
0.000000000000000000e+00
0.000000000000000000e+00
0.000000000000000000e+00
6.870918394019350298e-04
0.000000000000000000e+00
0.000000000000000000e+00
6.255803767488908249e-03
1.262162880165403935e-03
8.003819631133586923e-03
5.952094109424569887e-03
9.035655002215781453e-03
1.665650599818887384e-02
1.859074612152057659e-02
1.353923338618761608e-02
1.359255550591271892e-02
4.324381775791370786e-03
0.000000000000000000e+00
0.000000000000000000e+00
0.000000000000000000e+00
0.000000000000000000e+00
0.000000000000000000e+00
0.000000000000000000e+00
0.000000000000000000e+00
0.000000000000000000e+00
0.000000000000000000e+00
0.000000000000000000e+00
0.000000000000000000e+00
3.274290673709890406e-03
8.058599814722591098e-03
4.370981051897532624e-03
8.637563982005578428e-03
8.045692777162081338e-03
5.866780063965539721e-03
7.472630652220451329e-03
4.619640479708445220e-03
1.160937226467156783e-03
0.000000000000000000e+00
0.000000000000000000e+00
0.000000000000000000e+00
0.000000000000000000e+00
0.000000000000000000e+00
0.000000000000000000e+00
0.000000000000000000e+00
0.000000000000000000e+00
0.000000000000000000e+00
0.000000000000000000e+00
0.000000000000000000e+00
0.000000000000000000e+00
5.636707653533814220e-03
4.211256240429021337e-03
8.059975796765980055e-03
1.417881678744369479e-03
2.559396147162261784e-03
2.196827032181377943e-03
2.656229109800219233e-03
0.000000000000000000e+00
0.000000000000000000e+00
0.000000000000000000e+00
0.000000000000000000e+00
0.000000000000000000e+00
0.000000000000000000e+00
0.000000000000000000e+00
0.000000000000000000e+00
0.000000000000000000e+00
0.000000000000000000e+00
0.000000000000000000e+00
0.000000000000000000e+00
0.000000000000000000e+00
0.000000000000000000e+00
6.869473116626183826e-04
0.000000000000000000e+00
0.000000000000000000e+00
0.000000000000000000e+00
7.359692268875611156e-03
1.039634632009045836e-02
9.515080469594782960e-04
0.000000000000000000e+00
0.000000000000000000e+00
0.000000000000000000e+00
0.000000000000000000e+00
0.000000000000000000e+00
0.000000000000000000e+00
0.000000000000000000e+00
0.000000000000000000e+00
0.000000000000000000e+00
0.000000000000000000e+00
0.000000000000000000e+00
0.000000000000000000e+00
0.000000000000000000e+00
0.000000000000000000e+00
0.000000000000000000e+00
0.000000000000000000e+00
0.000000000000000000e+00
0.000000000000000000e+00
0.000000000000000000e+00
0.000000000000000000e+00
0.000000000000000000e+00
0.000000000000000000e+00
0.000000000000000000e+00
0.000000000000000000e+00
0.000000000000000000e+00
0.000000000000000000e+00
0.000000000000000000e+00
0.000000000000000000e+00
0.000000000000000000e+00
0.000000000000000000e+00
0.000000000000000000e+00
0.000000000000000000e+00
0.000000000000000000e+00
0.000000000000000000e+00
0.000000000000000000e+00
0.000000000000000000e+00
0.000000000000000000e+00
0.000000000000000000e+00
0.000000000000000000e+00
0.000000000000000000e+00
0.000000000000000000e+00
0.000000000000000000e+00
0.000000000000000000e+00
0.000000000000000000e+00
0.000000000000000000e+00
7.962549076617966582e-06
0.000000000000000000e+00
1.932679872453122794e-05
0.000000000000000000e+00
0.000000000000000000e+00
0.000000000000000000e+00
0.000000000000000000e+00
0.000000000000000000e+00
0.000000000000000000e+00
0.000000000000000000e+00
5.142603973487784184e-05
1.196824685991485898e-04
1.302327998371485081e-04
0.000000000000000000e+00
0.000000000000000000e+00
0.000000000000000000e+00
0.000000000000000000e+00
0.000000000000000000e+00
0.000000000000000000e+00
0.000000000000000000e+00
2.229210351221538313e-05
6.629492880984857127e-05
3.383593446042065431e-04
4.483441154595552624e-04
0.000000000000000000e+00
0.000000000000000000e+00
0.000000000000000000e+00
0.000000000000000000e+00
0.000000000000000000e+00
0.000000000000000000e+00
0.000000000000000000e+00
4.943487256416739909e-05
4.923045523475973965e-04
6.541150490813890531e-04
1.784447901000795877e-03
1.363045536239088735e-03
0.000000000000000000e+00
0.000000000000000000e+00
0.000000000000000000e+00
0.000000000000000000e+00
0.000000000000000000e+00
0.000000000000000000e+00
1.128400670635713003e-04
1.431971778790482605e-04
3.753801031742039088e-04
8.166245217440155652e-04
2.021388461861084798e-03
4.823062310155903920e-03
2.864875700152051154e-03
0.000000000000000000e+00
0.000000000000000000e+00
0.000000000000000000e+00
0.000000000000000000e+00
0.000000000000000000e+00
0.000000000000000000e+00
0.000000000000000000e+00
7.005008858797553267e-05
4.740571418421100566e-04
1.339110030278182432e-03
2.892688647027407377e-03
5.189163436818121714e-03
7.481425136290405925e-03
4.293280396593842849e-03
0.000000000000000000e+00
0.000000000000000000e+00
0.000000000000000000e+00
0.000000000000000000e+00
0.000000000000000000e+00
0.000000000000000000e+00
0.000000000000000000e+00
1.247638543952306290e-04
5.948451132834750360e-04
1.797694708394526487e-03
1.930038587152358223e-03
4.958615387159101204e-03
7.931295379621595976e-03
1.079468446676034102e-02
6.471384930264919080e-03
0.000000000000000000e+00
0.000000000000000000e+00
0.000000000000000000e+00
0.000000000000000000e+00
0.000000000000000000e+00
0.000000000000000000e+00
0.000000000000000000e+00
0.000000000000000000e+00
7.211020458631575052e-04
5.315587772243195262e-04
3.750903423460089786e-03
4.359000533246726317e-03
7.842826301439171158e-03
1.084068260391334547e-02
1.154247621134197981e-02
5.849551068888262859e-03
0.000000000000000000e+00
0.000000000000000000e+00
0.000000000000000000e+00
0.000000000000000000e+00
0.000000000000000000e+00
0.000000000000000000e+00
0.000000000000000000e+00
0.000000000000000000e+00
1.279912165052224729e-03
9.492051915928325853e-04
2.688380069593344739e-03
2.699668354561936354e-03
7.478763561828140685e-03
8.055225901713907594e-03
1.172874790882881373e-02
1.020495692003101085e-02
4.842931503404961785e-03
0.000000000000000000e+00
0.000000000000000000e+00
0.000000000000000000e+00
0.000000000000000000e+00
0.000000000000000000e+00
0.000000000000000000e+00
0.000000000000000000e+00
0.000000000000000000e+00
6.967492518125460547e-04
0.000000000000000000e+00
2.675974173872316085e-03
3.210180725181102320e-04
5.565487512997221130e-03
5.790965237452360206e-03
6.486965193879142694e-03
6.954923430999985709e-03
7.402380344701059434e-03
1.632074808541648849e-03
0.000000000000000000e+00
0.000000000000000000e+00
0.000000000000000000e+00
0.000000000000000000e+00
0.000000000000000000e+00
0.000000000000000000e+00
0.000000000000000000e+00
0.000000000000000000e+00
0.000000000000000000e+00
0.000000000000000000e+00
0.000000000000000000e+00
8.518234205321490674e-04
7.771946991305454886e-04
1.703178977230072975e-03
2.749895662485220358e-04
2.697628001910937212e-03
4.255216678363320411e-03
1.468235499451839721e-03
6.791587851836376364e-04
0.000000000000000000e+00
0.000000000000000000e+00
0.000000000000000000e+00
0.000000000000000000e+00
0.000000000000000000e+00
0.000000000000000000e+00
0.000000000000000000e+00
0.000000000000000000e+00
0.000000000000000000e+00
0.000000000000000000e+00
6.864849913146642627e-04
0.000000000000000000e+00
0.000000000000000000e+00
2.940455610568180021e-03
1.863034078081667825e-03
1.777423904276466404e-03
1.753543577394109723e-04
8.306902079844197566e-04
7.695293641122671630e-04
0.000000000000000000e+00
0.000000000000000000e+00
0.000000000000000000e+00
0.000000000000000000e+00
0.000000000000000000e+00
0.000000000000000000e+00
0.000000000000000000e+00
0.000000000000000000e+00
0.000000000000000000e+00
0.000000000000000000e+00
0.000000000000000000e+00
0.000000000000000000e+00
0.000000000000000000e+00
0.000000000000000000e+00
0.000000000000000000e+00
1.425960397413601798e-03
0.000000000000000000e+00
0.000000000000000000e+00
1.697557286311438896e-03
0.000000000000000000e+00
0.000000000000000000e+00
0.000000000000000000e+00
0.000000000000000000e+00
0.000000000000000000e+00
0.000000000000000000e+00
0.000000000000000000e+00
0.000000000000000000e+00
0.000000000000000000e+00
0.000000000000000000e+00
0.000000000000000000e+00
0.000000000000000000e+00
0.000000000000000000e+00
0.000000000000000000e+00
0.000000000000000000e+00
0.000000000000000000e+00
0.000000000000000000e+00
0.000000000000000000e+00
0.000000000000000000e+00
0.000000000000000000e+00
0.000000000000000000e+00
0.000000000000000000e+00
0.000000000000000000e+00
0.000000000000000000e+00
0.000000000000000000e+00
