2.276413499649439036e-04
3.561919699465801448e-04
2.686194609287304025e-04
8.725501641981697493e-04
5.017826558503371342e-04
3.083852197996430006e-04
6.318407653089826853e-04
6.437360855896609056e-04
6.569974962951360487e-04
4.003678717899798842e-04
8.025809853829595853e-04
6.620002742229295651e-04
7.467926068057060803e-04
5.719368356693201949e-04
4.788815525834708544e-04
1.386816989670741108e-03
9.311227671004465795e-04
8.263175206057508070e-04
7.575249312636407259e-04
7.630751572830390180e-04
4.547483017992812486e-04
1.384047940776150136e-03
1.787749266391416457e-03
1.457031906553498410e-03
1.118484937552423602e-03
8.007107257125243042e-04
1.031774459022094699e-03
4.633487288046724646e-04
1.432099469492999428e-03
1.277954020495182356e-03
1.620293086482610650e-03
1.400212689877249365e-03
1.171773926602496206e-03
9.174996866810091519e-04
9.011090262902519661e-04
5.951361465797726409e-04
2.604156166406017270e-03
3.012235018355575999e-03
1.321362586950419662e-03
1.896838182176873279e-03
2.065788879759152506e-03
1.270184725574637205e-03
9.961629613532182580e-04
8.100641854920513944e-04
6.148293692360179592e-04
2.894633502270909948e-03
1.449281651440877550e-03
2.707846723985146437e-03
2.258961518812141987e-03
1.967902527953474447e-03
1.489987036891821754e-03
1.863174980074150085e-03
1.112891159590253306e-03
9.250571408077325154e-04
6.290405029780402751e-04
2.984375488646510022e-03
4.517830864241864294e-03
2.151818585100547226e-03
2.759350800688569090e-03
1.881284121370397668e-03
1.770481863949966003e-03
1.948481907007431572e-03
1.386890822910152128e-03
1.243960181192250991e-03
1.055107148120001731e-03
7.480332172869203888e-04
3.976963604057681505e-03
8.705352468517821296e-03
2.961152423047093765e-03
4.163529497876580256e-03
3.019990237746875313e-03
3.263730202692998513e-03
2.549354515014290532e-03
2.408874634482991838e-03
1.555551308932584878e-03
1.353587498764307912e-03
1.222148574794342706e-03
7.919394798056720490e-04
1.149958136985885495e-03
5.645081835246759487e-03
1.198153522170727642e-03
5.415229560074263579e-03
4.623323843241722471e-03
4.590897164889756396e-03
3.179818666090834019e-03
1.994219733720152977e-03
2.294503658312603469e-03
1.651744211212643424e-03
1.612806174213842402e-03
1.492951088756756459e-03
8.581501969247029050e-04
2.579265256746322496e-02
1.024451316547202694e-02
6.513640509524621508e-03
5.987170896663541152e-03
4.726168756679510058e-03
5.670336284530219477e-03
4.090699917896860674e-03
3.038828653852726231e-03
3.336997818350890491e-03
2.606865330213791083e-03
2.127059922217104920e-03
1.745237449768434045e-03
1.625886627835311732e-03
8.718672495000441254e-04
1.997628048552845003e-04
2.494533154952312606e-02
3.357689046718829833e-03
6.764258565436628498e-03
8.136372253422929565e-03
4.450905138494048487e-03
7.659261514062556085e-03
3.153010587936572618e-03
4.297694283261546504e-03
2.384778957333141738e-03
2.699577426978797684e-03
2.224589207073088618e-03
2.303127834865757121e-03
1.876332810859325300e-03
1.006548238732371233e-03
5.725770060255036672e-04
3.364751777474100751e-03
6.096294956555213876e-04
6.251364128001307609e-04
8.762103879483668437e-03
1.414092470049297355e-02
5.972137329803903563e-03
9.198292613550131114e-03
1.706827626599519620e-03
7.027678115988127833e-03
3.154448646790332465e-03
2.713248310248691023e-03
2.722761113990504727e-03
2.183992674237213421e-03
2.251632569141361583e-03
1.063690784313319317e-03
2.964381424556619769e-03
0.000000000000000000e+00
1.964024908983279250e-03
2.770210484030858310e-03
1.704340571874696578e-02
1.369764590648157171e-02
1.008329723783692698e-02
1.098347545628863657e-02
6.797190329394853237e-03
6.881274041822717756e-03
7.904454348196410934e-03
3.813808271103460556e-03
3.374746651768794833e-03
3.811391117090535529e-03
2.579090360106762146e-03
1.952257190435564014e-03
1.513257352871320328e-03
0.000000000000000000e+00
3.141359827825241768e-03
1.515009393781439027e-02
4.779196373233781867e-03
5.332768079023019782e-03
1.591978246135027910e-03
6.346202983087549307e-03
8.380592601713209716e-03
2.933148777178414945e-03
3.352427819979430113e-03
2.945587703417941027e-03
3.153869277120996406e-03
4.052818479993542874e-03
3.954567726174270867e-03
1.786767847623606156e-03
2.283103836903507735e-03
1.975311276536848536e-03
1.410403159825168251e-03
0.000000000000000000e+00
0.000000000000000000e+00
0.000000000000000000e+00
0.000000000000000000e+00
7.169504271808920144e-03
4.481212429619937758e-03
3.619486290987594581e-03
2.923618719681717656e-03
2.165189750779246153e-03
2.977466746624957833e-03
3.695931660376763211e-03
9.338546145148483163e-03
3.017315821808162768e-03
4.504833184050590494e-03
2.884451307158173577e-03
3.031270129762070852e-03
2.278977012403502877e-03
1.449638051223280880e-03
7.280951956904517996e-04
0.000000000000000000e+00
0.000000000000000000e+00
0.000000000000000000e+00
1.467072738390560668e-02
1.693534292093911136e-03
9.776803410704473611e-04
1.955420406137388725e-03
1.829193795651929983e-03
1.955389947258090629e-03
1.041404776238459735e-02
5.052063023990382463e-03
2.097747544860464539e-02
3.297407709293653788e-03
1.998693136101898152e-03
8.421936727543617024e-03
4.103956702013617126e-03
2.574717543735946263e-03
3.536412074376650734e-03
1.561655399324344759e-03
1.105235474646190392e-03
0.000000000000000000e+00
0.000000000000000000e+00
0.000000000000000000e+00
0.000000000000000000e+00
9.776762541563563565e-04
1.197452292903253192e-03
1.545919450985179522e-03
7.848538922443601060e-03
9.584206203325267709e-03
1.693386364586497560e-03
3.715942435521994627e-03
1.362202595624494679e-03
9.777488926717707758e-04
1.816455474725154826e-03
1.005270645864103250e-03
3.878705153765126153e-03
1.886741590338391478e-02
1.719023264873543533e-03
1.231153230752119604e-02
4.011050478759556684e-03
1.566455693411261804e-03
0.000000000000000000e+00
0.000000000000000000e+00
0.000000000000000000e+00
0.000000000000000000e+00
9.777575864641241139e-04
1.382661249158458495e-03
2.343233733916668879e-02
9.776602976963291638e-04
1.169706795463403524e-02
6.912549296388467842e-04
3.320550850394069203e-03
3.717783858625608225e-03
1.361964835982601950e-03
1.056857126911721605e-03
6.879465728736989562e-03
1.911124889527414340e-03
8.578029290827510547e-03
2.517145778185749926e-03
8.098932852847988070e-03
1.405204260940818607e-03
2.932841025325552686e-03
1.675343084689607251e-03
2.254058159989552829e-04
4.329974953042116143e-04
3.507747889631720691e-04
6.341116457034458179e-04
6.035563797960939812e-04
4.626534148206866339e-04
8.195205096203886548e-04
8.765868076204566756e-04
8.435371136171777298e-04
6.160964499720507272e-04
1.121789356731941502e-03
1.027003283640671571e-03
1.039170310097393794e-03
1.073865996448290219e-03
8.610926572100500954e-04
1.807193879121790246e-03
1.502755067335739781e-03
1.524234835527419349e-03
1.470595761912944300e-03
1.266275689267243407e-03
9.399129187706117784e-04
2.443658978725557658e-03
1.758307574312932900e-03
1.854409400043430245e-03
1.877618020493969754e-03
1.770976783356374403e-03
1.554401750129931438e-03
1.058910244215616192e-03
2.530713715702917043e-03
2.785939500736831203e-03
2.349806710123733978e-03
2.789273846961514911e-03
2.409452295523185211e-03
2.026178655497152224e-03
1.885469989086294932e-03
1.357012102227496972e-03
2.940656761782819376e-03
3.355243401486148087e-03
3.069808422338223680e-03
3.190487201718845717e-03
2.867253547321420119e-03
2.683064734986445165e-03
2.480986662985077123e-03
2.253327267382466709e-03
1.472735792112007903e-03
4.197039783246722319e-03
4.565049041353879365e-03
4.608136921721664794e-03
4.573455966401629436e-03
4.242781148291544999e-03
3.370442413592752463e-03
3.552880934849531568e-03
2.973046973641067965e-03
2.542516285234315641e-03
1.656155545233608996e-03
5.726661385097901562e-03
7.366563692274411858e-03
5.985211240087516538e-03
6.658049296958044178e-03
5.554362248880263808e-03
4.708017172511218089e-03
4.450137474030801434e-03
3.805344504417868586e-03
3.459150163655313071e-03
3.027672027134862415e-03
2.070944528279790049e-03
6.646518521990016012e-03
7.737108558853634729e-03
7.183889327578953272e-03
6.608217900469101624e-03
7.087723467437318653e-03
5.802007343083436311e-03
6.006530487511944384e-03
5.336319999569581578e-03
4.529412000132997801e-03
3.889115949403976289e-03
3.571909098047983209e-03
2.317169957165273256e-03
1.502824279581527721e-02
7.938973487465340872e-03
9.321383807606197988e-03
8.359543070117313526e-03
1.024339207283964104e-02
1.025196235945186572e-02
7.195097319673003471e-03
6.347572041981807897e-03
5.949286141190631913e-03
4.829752730493314800e-03
4.553363559836451878e-03
4.110614374561220863e-03
2.474806385891710047e-03
1.206997164085937477e-02
7.264389392402791253e-03
9.525548051922065607e-03
1.250228550579256769e-02
9.132037838422412193e-03
1.255600768943842746e-02
7.698212270778146717e-03
8.046123106524376636e-03
8.028242297350227444e-03
6.426509092004335094e-03
5.581039581670210574e-03
5.161411745194044789e-03
4.335571216361079963e-03
2.970231970170953816e-03
1.764732010822474620e-02
2.024372636509787216e-02
1.757219284162833337e-02
2.069486398395227467e-02
1.210329033665737478e-02
1.354285260543390199e-02
9.386240497590606427e-03
1.151825477709096657e-02
9.325958967611479300e-03
9.326991524657797863e-03
7.543044602243634787e-03
6.160793630810209968e-03
5.671359331531434199e-03
4.712602286736686241e-03
3.346737447885479375e-03
2.620166033175181839e-04
3.252570707187091986e-02
3.019242080963867314e-02
2.483167699159915739e-02
2.319651632141642855e-02
1.714181618052812439e-02
1.443690797545862069e-02
1.370350526257076498e-02
1.514584252601503499e-02
1.206071119855282869e-02
1.082833889419297820e-02
9.030310660482291849e-03
8.333786511719839390e-03
6.937044807107544710e-03
5.950553671465288672e-03
3.921720683183960859e-03
7.467015047600429048e-04
1.670292877941781731e-02
3.750005248167691957e-02
2.362628008524004022e-02
3.971964777995845575e-02
1.774144974801112121e-02
1.035348153337797318e-02
2.236570787600435789e-02
2.204099464325132152e-02
1.495287369696075321e-02
1.675911177821034007e-02
1.239389423270276062e-02
1.039884245267057479e-02
9.649540753487062528e-03
8.454808409314559098e-03
7.165237859101534351e-03
4.328862198798139570e-03
0.000000000000000000e+00
1.007061763646886895e-03
1.223641060239416024e-02
6.941180366368682186e-02
1.075685967591474834e-02
3.034354075654059277e-02
1.002632299375825903e-01
9.572128091715505910e-03
2.012729827029324098e-02
1.495206461345569872e-02
1.270651811756281363e-02
1.351245554755669577e-02
1.118152309895031719e-02
1.004596639735485554e-02
9.125301615850747727e-03
7.699136572469213180e-03
6.693558641463863423e-03
4.242525131065036890e-03
0.000000000000000000e+00
0.000000000000000000e+00
0.000000000000000000e+00
0.000000000000000000e+00
1.015691303055469945e-02
1.505316077996013933e-02
3.598971188323901033e-02
1.298938648584732625e-02
1.811558491539579097e-02
4.804137428597889115e-02
2.249426216879368487e-02
1.020494366958486950e-02
2.032651236718537729e-02
1.090093671229028054e-02
1.179901871010405334e-02
9.991486156810114316e-03
9.375299719286101299e-03
7.319038629185287137e-03
5.378406647868305517e-03
0.000000000000000000e+00
0.000000000000000000e+00
0.000000000000000000e+00
0.000000000000000000e+00
2.393599930523461396e-03
2.040800576640517880e-02
7.853558228971505017e-02
1.821648924623571822e-02
2.555677492904837381e-02
3.777099924922255880e-02
3.136485604964376478e-02
1.528160254734104058e-02
1.298756222373602387e-02
1.363456391154639798e-02
1.460978537490099580e-02
1.116505058249701518e-02
1.897051820491256480e-02
1.288131560341689193e-02
7.560165339022054121e-03
5.626322693048847051e-03
0.000000000000000000e+00
0.000000000000000000e+00
0.000000000000000000e+00
0.000000000000000000e+00
1.342447581063148931e-01
2.930910492364171682e-03
1.389280050326922034e-01
1.207331530220076901e-02
2.556101302793840555e-02
2.555994294339099596e-02
3.310569287542761141e-02
7.799977408755871811e-02
1.604748078658086927e-02
2.172829985164009825e-02
2.379439662160050956e-02
2.065488589322955065e-02
1.699583597073185334e-02
1.202543478140933458e-02
9.949117093178019497e-03
1.118406163229650196e-02
4.970178414073785252e-03
0.000000000000000000e+00
0.000000000000000000e+00
0.000000000000000000e+00
0.000000000000000000e+00
1.381911014980128022e-03
2.393117008758579526e-03
4.444645162442449789e-03
2.490912951395174088e-03
9.085212480882462818e-03
9.378703559667507170e-03
2.013422259029030992e-02
8.414961371980933524e-02
4.306385635510377036e-02
1.388678508281015848e-02
1.615829465546850252e-02
2.219479966895677656e-02
3.295578257408646183e-02
1.606147139504729079e-02
3.184208085519223130e-02
1.433629929355989888e-02
2.277525111810246861e-02
5.268919088293238552e-03
1.366437152270816171e-05
4.473520524572727197e-05
4.826141716181766038e-05
1.475561598546403430e-04
1.148537912404848003e-04
1.113174078984054057e-04
3.086930936389501844e-04
1.726930193785117024e-04
4.036434419837875388e-04
2.406174043481611451e-04
2.066648403652798988e-04
4.305111625989847444e-04
3.873365336748442315e-04
4.910192006289299015e-04
3.892576126349505316e-04
4.579729588407230865e-04
5.934616878161672916e-04
6.111151822007430652e-04
8.271548115757206649e-04
7.866473229170424086e-04
6.787409455147467349e-04
5.677078468988430238e-04
9.759422332555643198e-04
1.500455146104900678e-03
1.034295922515181395e-03
1.205864734747426380e-03
1.135598879721442861e-03
8.892994878785417901e-04
5.577631409411283082e-04
1.074525195437665403e-03
1.465716485640029864e-03
1.482429987247143146e-03
1.894645728717781353e-03
1.737277453167317869e-03
1.712109597574319525e-03
1.170040734587911345e-03
1.173987423224916952e-03
2.490672954442327454e-03
2.095362772315097644e-03
2.165989868105394969e-03
2.225179682424920698e-03
2.280535489123815436e-03
2.391912872675848196e-03
2.292440147691211880e-03
1.596855068390781642e-03
1.040378257580927297e-03
3.356546404829525987e-03
2.738088652602351999e-03
2.642594704757355185e-03
3.351277894126864724e-03
3.226800915263123258e-03
3.277561049314644398e-03
3.340089422525884585e-03
3.048261147931687325e-03
2.154053554904965251e-03
1.979630543699242764e-03
2.084753625971090454e-03
3.403652219326664535e-03
3.941421906049953454e-03
3.773961487440068065e-03
3.731200907472637020e-03
4.538085673052152068e-03
4.231360211463219313e-03
4.116543497185419856e-03
3.790644223339929581e-03
2.504460329897967037e-03
3.506167507545267670e-03
3.153156392601015774e-03
4.917971024175810807e-03
6.245565906948320062e-03
5.934515694161758906e-03
5.396101776188522679e-03
5.766271471553147121e-03
5.752441090379541155e-03
5.292980938833755609e-03
5.484888761667057813e-03
4.760973029447145184e-03
3.201421306059600274e-03
4.530126283942432488e-04
4.517252379883269185e-03
5.986145317333251697e-03
5.693950342722280816e-03
6.067835711233295938e-03
7.319858642429804933e-03
8.026246484178472390e-03
7.470315883186958404e-03
7.440527904966617867e-03
6.603468513782845620e-03
6.495932796792869800e-03
5.697485785979256902e-03
3.793464074504116282e-03
1.142207794821474814e-03
9.988628475601071810e-03
3.157139942143146697e-03
1.013588065084694914e-02
1.032344163161987710e-02
9.614824480329556625e-03
1.053187485592647563e-02
9.147766018533233859e-03
9.978735129477004501e-03
9.330604377814324252e-03
8.401540564784718002e-03
7.552519484902649009e-03
6.876684234537092100e-03
4.511229138532454885e-03
1.136976962425715991e-03
2.924732914877137789e-03
1.618889443608677661e-02
6.594732084269337886e-03
1.139163782992447596e-02
1.289631912363890104e-02
1.583399980590294298e-02
1.255835209049477492e-02
1.405952246619179835e-02
1.194418439296421677e-02
1.136967761797701496e-02
1.053066325210519870e-02
9.553723089766312515e-03
8.033103654487394607e-03
5.362803941729995388e-03
8.062492581759202540e-03
2.386548700069736004e-02
1.313209832297237457e-02
1.606670663353659476e-02
1.308424078031888288e-02
1.642910580875298066e-02
2.865010067362552468e-02
1.759496334223598080e-02
1.761729410121070163e-02
1.700155016521693804e-02
1.574512807116074803e-02
1.416110754729209796e-02
1.246563042207478843e-02
1.125710186602271907e-02
1.004397086587295075e-02
6.526051753411536878e-03
0.000000000000000000e+00
0.000000000000000000e+00
3.040918078174539504e-02
1.993858483980939789e-02
1.958801447513749613e-02
1.945270782521662731e-02
2.343736551691380857e-02
2.510846595857981964e-02
2.220462450969220430e-02
2.247939819512615248e-02
2.528998459728119819e-02
2.024312791678999773e-02
1.697224138316856534e-02
1.562368156193471094e-02
1.429283224680977411e-02
1.183650400074463122e-02
7.452658837259769353e-03
7.566699294821279884e-03
0.000000000000000000e+00
0.000000000000000000e+00
4.876197327365008882e-02
5.917775728156766772e-03
2.784492836786597175e-02
2.662590064345459265e-02
3.015121427986831859e-02
2.728476528220486266e-02
1.917786297503098689e-02
2.073726909436256899e-02
1.957932509214290601e-02
1.749026059163476948e-02
1.794461009092696707e-02
1.408524124179813541e-02
1.389916782626750280e-02
1.173455637396489046e-02
8.059873818686247651e-03
0.000000000000000000e+00
3.151285708450479034e-02
0.000000000000000000e+00
0.000000000000000000e+00
6.832269089554698915e-03
2.581990119592150138e-03
1.856914067537144414e-02
1.468819104243928621e-02
2.376544945601004322e-02
3.236640270523376967e-02
2.647518487687264277e-02
3.625526974347250547e-02
2.618192253352703835e-02
2.191681203154344226e-02
1.966300947697501716e-02
1.868061479268740346e-02
1.720598753606270709e-02
1.435857586364366195e-02
1.094406075324663025e-02
0.000000000000000000e+00
0.000000000000000000e+00
0.000000000000000000e+00
0.000000000000000000e+00
1.690147787960032425e-03
2.759972665520039978e-03
3.450716209625411153e-03
1.291592303500254009e-02
2.244274216222187646e-02
5.186652287570021891e-02
2.686537994193382087e-02
2.573042652436061464e-02
3.176763628761990199e-02
2.885383979765331758e-02
2.317078975269817528e-02
2.694149551109984927e-02
1.971037718787997314e-02
1.818106167141208054e-02
1.759935881082406312e-02
9.461714707637300728e-03
0.000000000000000000e+00
0.000000000000000000e+00
0.000000000000000000e+00
0.000000000000000000e+00
1.195806942391712188e-03
1.807206171671319750e-01
2.488025498332849857e-03
7.958618978997626658e-03
2.869318874598844604e-02
2.839168424453164183e-02
4.775463260217770178e-02
4.872045765644732185e-02
2.325337147052044390e-02
2.005831504175646651e-02
3.012681439384448309e-02
3.205139513620317016e-02
3.068499846558852065e-02
2.311676165513627465e-02
2.217850586223455919e-02
1.549794409886685875e-02
1.272406746824411052e-02
0.000000000000000000e+00
0.000000000000000000e+00
0.000000000000000000e+00
0.000000000000000000e+00
6.902206285603202903e-04
1.380563986008455672e-03
1.580422573744553680e-02
1.951812771640465752e-03
9.441728560264419853e-03
2.954273958682571838e-02
2.196863937802810349e-02
7.191934480528536233e-02
2.049524158319605827e-02
5.673954870257329891e-02
5.877931611491486047e-02
3.421912487750889548e-02
3.783690186053171450e-02
4.463079330406180545e-02
2.932749685864160377e-02
2.120571740137243422e-02
1.386985528557083992e-02
1.011456227450949902e-02
0.000000000000000000e+00
0.000000000000000000e+00
0.000000000000000000e+00
0.000000000000000000e+00
0.000000000000000000e+00
1.211065305963406263e-05
0.000000000000000000e+00
0.000000000000000000e+00
0.000000000000000000e+00
0.000000000000000000e+00
0.000000000000000000e+00
0.000000000000000000e+00
2.974768086144483179e-05
2.395944459499412983e-05
5.941672687361819537e-05
0.000000000000000000e+00
0.000000000000000000e+00
0.000000000000000000e+00
5.650204822762957434e-05
1.224995094099222653e-04
7.979126549277259161e-05
0.000000000000000000e+00
6.169379460614067242e-05
0.000000000000000000e+00
1.388349217706905982e-04
1.711428566677071722e-04
2.484916607886852066e-04
2.427148869348271984e-04
0.000000000000000000e+00
1.196955617962816262e-04
4.383098127372202506e-04
2.757646721950183545e-04
3.598372449979828427e-04
4.644770063593633177e-04
5.385552264031605654e-04
5.082355111894028754e-04
0.000000000000000000e+00
1.427305173065392227e-04
2.748620027378499437e-04
2.218823740200178253e-04
3.949104870243847951e-04
6.538546104921744368e-04
1.014999770573165976e-03
9.351885368871962591e-04
7.517057436753667036e-04
3.505352437775985348e-05
1.517815855628435232e-04
2.434621995299478562e-04
3.166980452483688768e-04
1.550239731741529696e-03
9.939915331176123973e-04
1.164229002128571106e-03
1.374281994204318682e-03
1.556771917127907018e-03
1.179864961982647273e-03
0.000000000000000000e+00
1.177613939314236299e-03
3.639310612546338072e-04
1.652206162020142775e-03
9.433249474076983504e-04
1.557427594288237228e-03
1.622110715659136294e-03
1.994746290655946726e-03
2.040505645626269644e-03
2.114997081072330677e-03
1.584500308618237057e-03
0.000000000000000000e+00
0.000000000000000000e+00
3.591737184518427350e-04
1.281105376436200618e-03
1.659583880437883689e-03
1.739401829970974337e-03
2.990748674941459163e-03
2.701187363324205216e-03
3.117426268620161669e-03
2.918846894774409628e-03
3.022434777747414706e-03
2.190655435064517084e-03
5.742067346699807322e-04
0.000000000000000000e+00
2.271849062603983351e-04
2.533920325502704921e-03
9.997842607896180716e-04
2.982343142086645547e-03
3.531042280128226032e-03
3.677320239100984219e-03
3.810115142971383633e-03
4.379675454587532955e-03
4.162126152665521217e-03
3.964290075418694381e-03
2.835390191428173792e-03
0.000000000000000000e+00
3.607597258184852226e-04
8.720450428487422443e-04
1.167918438405228781e-03
3.999152411235829853e-03
2.993743066181318770e-03
4.065928621633294222e-03
5.219498260334107069e-03
5.207208485298426941e-03
5.561176337476959712e-03
5.393533180780604730e-03
5.499536585410829369e-03
5.232976988699083835e-03
3.647556943403787964e-03
5.301114709970389770e-03
0.000000000000000000e+00
2.669650483931119977e-03
2.608125778006462839e-03
3.077511341435658181e-03
4.477806366521883130e-03
7.171624072313919317e-03
6.308538901912939117e-03
8.164924293955298090e-03
8.769815616230558150e-03
8.445276693932361051e-03
7.963699887911726213e-03
7.383706694869081842e-03
6.621425157120902454e-03
4.493811229120237005e-03
0.000000000000000000e+00
0.000000000000000000e+00
0.000000000000000000e+00
0.000000000000000000e+00
3.186556740935906924e-03
2.201139676364525545e-03
8.708388178144286715e-03
9.240979004821375797e-03
1.226609500987639254e-02
1.014806982801538630e-02
1.056576966574681795e-02
1.131358501793284545e-02
9.815434702493908148e-03
9.242481461389609118e-03
8.156596512489082754e-03
5.462917752271208294e-03
0.000000000000000000e+00
0.000000000000000000e+00
3.385498314791638742e-03
0.000000000000000000e+00
4.405217154742751932e-03
1.720110656698438725e-02
1.939395771819710582e-03
1.112775847694930098e-02
1.019717495932477222e-02
1.540225884895682351e-02
1.578834974693771667e-02
1.540479490398375360e-02
1.366634821125411493e-02
1.400492735812611765e-02
1.117921750299576654e-02
9.954285124283375474e-03
6.492399529723554344e-03
0.000000000000000000e+00
0.000000000000000000e+00
0.000000000000000000e+00
0.000000000000000000e+00
6.670295234217128461e-04
4.769710903948928653e-03
3.310384387268867218e-02
7.664416064364173130e-03
1.020756523679190210e-02
1.415937023182830407e-02
1.630833716323978888e-02
1.430953814764987682e-02
1.242576059219397885e-02
1.549915549033838505e-02
1.306417429434928584e-02
1.202456427171893528e-02
1.088006153472636725e-02
6.966451149525607414e-03
0.000000000000000000e+00
0.000000000000000000e+00
0.000000000000000000e+00
0.000000000000000000e+00
0.000000000000000000e+00
1.540322635957052213e-03
3.200126925166700553e-02
1.764426368620455182e-02
8.238905994550781500e-03
2.245463548108323978e-02
1.502875433985365397e-02
1.654674811472824081e-02
1.711996326039123481e-02
1.593725697581520329e-02
1.868490346872557842e-02
1.575612938309697147e-02
1.418280910693949480e-02
1.212532450728790942e-02
7.124472569532861593e-03
0.000000000000000000e+00
0.000000000000000000e+00
0.000000000000000000e+00
0.000000000000000000e+00
6.891096316724343350e-04
6.889629533461171049e-04
6.891678192946252765e-04
1.319666731049303279e-02
5.365832060380153201e-03
5.972941129449602787e-03
2.340807630060165456e-02
2.217776717721484797e-02
3.342292203579266818e-02
1.854272878122162696e-02
2.875495952529474528e-02
1.636901951961901996e-02
1.441114828278345847e-02
1.754427525023951814e-02
1.262627645348766287e-02
7.657578406383368751e-03
0.000000000000000000e+00
0.000000000000000000e+00
0.000000000000000000e+00
0.000000000000000000e+00
9.744011901589714249e-04
9.744233913264548335e-04
1.193580444541579621e-03
6.886161904523284633e-04
2.386727127026703338e-03
2.483880505073078789e-03
2.282407739312670297e-02
1.231485769974830120e-02
2.049024876005879278e-02
2.811813000692315115e-02
3.204689000771664825e-02
3.718081192177668387e-02
2.260436874872958843e-02
1.920378682563477976e-02
1.309529119996805623e-02
1.230778990015212945e-02
7.185063044260846937e-03
0.000000000000000000e+00
0.000000000000000000e+00
0.000000000000000000e+00
0.000000000000000000e+00
0.000000000000000000e+00
9.743409098391789041e-04
1.377784271592474592e-03
6.890072774669403185e-04
4.849541835938714351e-02
9.743010755175428566e-04
2.066702623161060636e-03
5.291475160720332353e-03
4.117730581330515671e-02
1.962244433948549804e-02
9.331433313564257981e-02
4.400003474693348765e-02
2.155224761753277846e-02
2.305862830997993523e-02
1.659264019840272705e-02
1.708891967616300162e-02
1.071657080383575135e-02
6.874966656123413997e-03
0.000000000000000000e+00
0.000000000000000000e+00
0.000000000000000000e+00
0.000000000000000000e+00
0.000000000000000000e+00
0.000000000000000000e+00
0.000000000000000000e+00
0.000000000000000000e+00
0.000000000000000000e+00
0.000000000000000000e+00
0.000000000000000000e+00
0.000000000000000000e+00
0.000000000000000000e+00
0.000000000000000000e+00
3.862176099527582798e-06
0.000000000000000000e+00
0.000000000000000000e+00
0.000000000000000000e+00
0.000000000000000000e+00
5.347072936079223089e-06
4.693276248296703622e-06
0.000000000000000000e+00
0.000000000000000000e+00
0.000000000000000000e+00
0.000000000000000000e+00
7.636713052408189832e-06
2.392513105523502576e-05
3.338564305776050341e-05
0.000000000000000000e+00
0.000000000000000000e+00
0.000000000000000000e+00
0.000000000000000000e+00
8.581009807018500919e-05
4.118076191833775672e-05
1.177372822558056975e-04
1.497903530260362610e-04
0.000000000000000000e+00
0.000000000000000000e+00
0.000000000000000000e+00
0.000000000000000000e+00
1.663933064359376099e-04
7.336298515834249712e-05
2.590897757301818577e-04
4.092733282825625749e-04
3.011671231310986043e-04
0.000000000000000000e+00
0.000000000000000000e+00
0.000000000000000000e+00
1.290648065970124850e-04
1.594688364151885054e-04
4.442537262817216432e-04
3.301770613620017632e-04
4.679652135499582982e-04
7.653698731890947165e-04
4.941712051683689027e-04
0.000000000000000000e+00
0.000000000000000000e+00
0.000000000000000000e+00
7.516234045133763644e-05
8.737079885582350425e-05
4.594696434176141655e-04
5.624229670321693238e-04
8.071181804995873968e-04
9.283526061227682057e-04
1.066690380796513592e-03
8.181239735892406129e-04
0.000000000000000000e+00
0.000000000000000000e+00
3.430554342483862606e-04
1.543363583836930098e-04
2.189833742940983877e-04
8.302844997022148631e-04
8.180909907557048491e-04
8.835961249644585418e-04
1.270168094324570411e-03
1.574776118825557420e-03
1.534132275149945046e-03
1.179967608085061119e-03
0.000000000000000000e+00
0.000000000000000000e+00
0.000000000000000000e+00
8.446726024129759276e-04
4.115833390852809918e-04
1.363911128067696625e-03
2.171669823256689152e-03
1.294050876060370012e-03
1.628875013646541910e-03
1.965045633519904404e-03
2.139712230594888881e-03
2.198104423457562621e-03
1.683341649805718005e-03
0.000000000000000000e+00
0.000000000000000000e+00
0.000000000000000000e+00
4.343365928356672859e-04
5.058518733019291228e-04
1.314088451515208183e-03
1.740384786289157250e-03
2.395010773542718963e-03
2.697129453045509460e-03
2.591478323123069891e-03
3.018545345703565249e-03
3.211411520987776744e-03
3.263057896930059067e-03
2.233334731949872254e-03
0.000000000000000000e+00
0.000000000000000000e+00
0.000000000000000000e+00
0.000000000000000000e+00
1.120223784661401065e-04
1.469906132888624574e-03
3.184719309718727579e-03
2.802243835488035795e-03
3.273258984511387588e-03
3.882638669789786022e-03
5.283214226430876272e-03
5.202888055187753803e-03
4.616002048998466868e-03
4.096792996614283429e-03
3.202076220425121179e-03
0.000000000000000000e+00
0.000000000000000000e+00
0.000000000000000000e+00
0.000000000000000000e+00
0.000000000000000000e+00
3.497278994117254702e-04
4.053426776556167191e-03
4.653569484366027950e-03
4.949603692382347972e-03
4.921702213321096052e-03
6.198623233663298239e-03
6.407123443578567785e-03
5.837793893723373928e-03
5.859170186827476583e-03
5.482803127038819203e-03
3.729522236295443154e-03
0.000000000000000000e+00
0.000000000000000000e+00
0.000000000000000000e+00
0.000000000000000000e+00
0.000000000000000000e+00
7.686768003961012147e-04
2.447515531772028689e-03
4.394641125515580046e-03
5.726717714449675728e-03
7.381652392385179735e-03
8.333640514465201141e-03
7.742722907491677783e-03
8.741390182992182095e-03
8.700230774367805758e-03
7.462606917744848099e-03
6.563102835601124230e-03
4.845871966834371970e-03
0.000000000000000000e+00
0.000000000000000000e+00
0.000000000000000000e+00
0.000000000000000000e+00
4.086277566532734058e-03
0.000000000000000000e+00
1.498735516131979514e-02
5.598863658695425391e-03
1.483058324321653507e-02
6.522631207637067351e-03
7.536189606709724556e-03
5.273964873350410129e-03
7.802739779166927535e-03
8.921402372661856386e-03
8.136325182344410212e-03
7.691968498102578697e-03
8.205168948058300799e-03
4.777932425954314714e-03
0.000000000000000000e+00
0.000000000000000000e+00
0.000000000000000000e+00
0.000000000000000000e+00
0.000000000000000000e+00
0.000000000000000000e+00
6.339501423873608946e-03
0.000000000000000000e+00
1.301931898700674391e-02
1.218822710224159653e-02
1.538779364939612572e-02
9.537584582987972126e-03
1.155447017746286456e-02
1.425320825812989751e-02
1.070498452346290569e-02
1.143170927651950344e-02
9.199961763775509407e-03
7.407547546607661480e-03
4.957908972824959064e-03
0.000000000000000000e+00
0.000000000000000000e+00
0.000000000000000000e+00
0.000000000000000000e+00
0.000000000000000000e+00
0.000000000000000000e+00
0.000000000000000000e+00
6.880273875245986916e-04
6.881336027706101786e-04
4.474933841375420239e-03
2.338443836958923466e-02
8.530859035570151003e-03
7.606114207893398434e-03
1.499643518310037581e-02
1.377636128474714165e-02
9.520576102426910048e-03
1.127037654711942130e-02
1.317063712048208851e-02
7.325285347224931055e-03
3.598980035325620355e-03
0.000000000000000000e+00
0.000000000000000000e+00
0.000000000000000000e+00
0.000000000000000000e+00
0.000000000000000000e+00
0.000000000000000000e+00
0.000000000000000000e+00
0.000000000000000000e+00
9.730348892540252419e-04
0.000000000000000000e+00
2.222357350545976686e-03
1.005684563628507153e-02
2.143129748073917609e-03
1.661168268640312792e-02
1.033858688548792634e-02
1.173959904185251958e-02
1.103356218163942595e-02
1.126384774334811441e-02
7.816332231172458400e-03
8.272951904420492233e-03
2.827372015658061958e-03
0.000000000000000000e+00
0.000000000000000000e+00
0.000000000000000000e+00
0.000000000000000000e+00
0.000000000000000000e+00
0.000000000000000000e+00
0.000000000000000000e+00
0.000000000000000000e+00
9.731775478361940354e-04
0.000000000000000000e+00
1.376196362789955949e-03
1.538820472339093607e-03
7.320796032667881495e-03
8.494884281856050767e-02
2.335494031002995421e-02
4.942970266925109275e-03
1.328351821827317494e-02
1.058858123871459118e-02
1.047584111069895484e-02
5.099214525409549552e-03
2.937569874759430374e-03
1.448846062559157235e-03
0.000000000000000000e+00
0.000000000000000000e+00
0.000000000000000000e+00
0.000000000000000000e+00
0.000000000000000000e+00
0.000000000000000000e+00
0.000000000000000000e+00
0.000000000000000000e+00
0.000000000000000000e+00
0.000000000000000000e+00
0.000000000000000000e+00
0.000000000000000000e+00
0.000000000000000000e+00
0.000000000000000000e+00
0.000000000000000000e+00
0.000000000000000000e+00
0.000000000000000000e+00
0.000000000000000000e+00
0.000000000000000000e+00
0.000000000000000000e+00
0.000000000000000000e+00
0.000000000000000000e+00
0.000000000000000000e+00
0.000000000000000000e+00
0.000000000000000000e+00
0.000000000000000000e+00
8.433389874835578434e-06
1.323410822785038841e-05
0.000000000000000000e+00
0.000000000000000000e+00
0.000000000000000000e+00
0.000000000000000000e+00
0.000000000000000000e+00
1.271553241719295561e-05
1.681747332619742849e-05
2.319617018661778856e-05
0.000000000000000000e+00
0.000000000000000000e+00
0.000000000000000000e+00
0.000000000000000000e+00
0.000000000000000000e+00
2.595220899408526711e-05
3.161010414248698969e-05
9.929196794157583116e-05
1.722796939995320856e-04
0.000000000000000000e+00
0.000000000000000000e+00
0.000000000000000000e+00
0.000000000000000000e+00
2.220127811489018373e-05
4.111616165288890741e-05
8.494296333960669478e-05
1.170861750497939521e-04
1.713873153474921554e-04
1.801295998623247800e-04
0.000000000000000000e+00
0.000000000000000000e+00
0.000000000000000000e+00
0.000000000000000000e+00
3.008399257020188884e-05
9.767942105248236069e-05
3.815980878350297509e-04
2.340553431620903723e-04
3.312352849928838750e-04
4.588774483453749364e-04
3.585860703423489012e-04
0.000000000000000000e+00
0.000000000000000000e+00
0.000000000000000000e+00
0.000000000000000000e+00
1.508416318452390576e-05
2.269461326809178259e-04
4.423658508597360316e-04
4.262836342159161780e-04
4.930819237743854682e-04
7.631350138869489545e-04
7.556845875320369757e-04
5.680859492722749012e-04
0.000000000000000000e+00
0.000000000000000000e+00
0.000000000000000000e+00
0.000000000000000000e+00
1.851736450180897049e-04
2.917205259044043335e-05
2.731710942103005892e-04
5.878006693575776962e-04
8.463333882989495290e-04
8.184712280626642170e-04
1.039290223958520354e-03
1.279435625310162581e-03
9.802565483143603747e-04
0.000000000000000000e+00
0.000000000000000000e+00
0.000000000000000000e+00
0.000000000000000000e+00
0.000000000000000000e+00
5.050757906909723437e-04
2.124862657931653480e-04
8.595489694443029551e-04
6.437597894115666469e-04
1.234270522763968817e-03
1.576505802010025629e-03
1.601396403003020217e-03
1.736115818883536598e-03
1.236439295976053980e-03
0.000000000000000000e+00
0.000000000000000000e+00
0.000000000000000000e+00
0.000000000000000000e+00
0.000000000000000000e+00
2.584467586605807346e-03
9.143705579285224625e-04
2.508682560400822895e-03
1.191362854353297373e-03
2.221828215494521010e-03
2.341137869899899155e-03
2.481072922934802333e-03
2.686376004097689070e-03
2.340655412188761067e-03
1.625512283189938043e-03
0.000000000000000000e+00
0.000000000000000000e+00
0.000000000000000000e+00
0.000000000000000000e+00
0.000000000000000000e+00
0.000000000000000000e+00
6.080623830226576784e-04
1.066926871898346216e-03
2.896282148278906971e-03
2.818597231038121737e-03
2.845813676389723733e-03
3.381463746313000899e-03
3.425214185990438972e-03
3.179790430426530402e-03
3.122552788784672354e-03
1.869653153309103460e-03
0.000000000000000000e+00
0.000000000000000000e+00
0.000000000000000000e+00
0.000000000000000000e+00
0.000000000000000000e+00
0.000000000000000000e+00
1.614649741268261735e-03
3.810679544543925552e-03
2.904602493242982968e-03
3.280495440360674600e-03
4.079321197555872171e-03
4.047967996030466843e-03
4.436510810511437759e-03
5.315135911611587778e-03
4.495894547436988381e-03
3.829139601495815462e-03
2.173201285602565508e-03
0.000000000000000000e+00
0.000000000000000000e+00
0.000000000000000000e+00
0.000000000000000000e+00
0.000000000000000000e+00
0.000000000000000000e+00
0.000000000000000000e+00
2.486806120099302724e-03
2.488544998370912937e-03
1.870314129193487163e-03
3.866984643974324346e-03
8.791780330815178110e-03
5.080631327888943810e-03
4.165164472914329938e-03
4.718567677811943625e-03
4.663748825243137393e-03
3.663739090404993879e-03
2.720633674563810705e-03
0.000000000000000000e+00
0.000000000000000000e+00
0.000000000000000000e+00
0.000000000000000000e+00
0.000000000000000000e+00
0.000000000000000000e+00
0.000000000000000000e+00
0.000000000000000000e+00
6.872458774510012457e-04
1.056913237980930138e-03
4.692252493748455371e-03
1.477176217675754992e-03
3.820053386262348832e-03
7.132709400370836408e-03
5.517479363335952083e-03
5.678949844145231123e-03
5.671080302294832613e-03
3.805137606427788297e-03
1.913668604025808200e-03
0.000000000000000000e+00
0.000000000000000000e+00
0.000000000000000000e+00
0.000000000000000000e+00
0.000000000000000000e+00
0.000000000000000000e+00
6.872655988142168000e-04
6.876545352199481135e-04
0.000000000000000000e+00
2.055867866636690647e-03
0.000000000000000000e+00
2.006006688520913742e-03
8.604743582562822402e-03
8.851420948729250143e-03
6.789753790378790128e-03
5.956979854394922266e-03
4.474836101945516530e-03
3.516836714743077838e-03
3.311949439954852727e-03
1.591827117058615057e-03
0.000000000000000000e+00
0.000000000000000000e+00
0.000000000000000000e+00
0.000000000000000000e+00
0.000000000000000000e+00
0.000000000000000000e+00
0.000000000000000000e+00
0.000000000000000000e+00
6.876987441176218374e-04
6.874981185662354258e-04
9.722760541877581214e-04
1.367118948824250918e-02
6.876093274145971121e-04
4.777105187293777949e-03
3.142386276846548948e-02
7.842943021204222195e-03
5.483689303261065490e-03
6.338842080200566588e-03
2.130072756504074443e-03
4.149161611323380974e-03
4.120369794781502358e-04
0.000000000000000000e+00
0.000000000000000000e+00
0.000000000000000000e+00
0.000000000000000000e+00
0.000000000000000000e+00
0.000000000000000000e+00
0.000000000000000000e+00
0.000000000000000000e+00
0.000000000000000000e+00
0.000000000000000000e+00
2.812211044879420196e-02
2.078514840983844425e-02
6.874305876382462736e-04
2.970461516666863568e-03
8.833608311998222135e-03
1.637726504552851001e-02
2.602896489331936892e-03
2.745461633906825724e-03
5.354488191230966088e-03
1.410749787243764034e-04
2.779107800802813229e-04
0.000000000000000000e+00
0.000000000000000000e+00
0.000000000000000000e+00
0.000000000000000000e+00
0.000000000000000000e+00
0.000000000000000000e+00
0.000000000000000000e+00
0.000000000000000000e+00
0.000000000000000000e+00
0.000000000000000000e+00
0.000000000000000000e+00
0.000000000000000000e+00
0.000000000000000000e+00
0.000000000000000000e+00
0.000000000000000000e+00
0.000000000000000000e+00
0.000000000000000000e+00
0.000000000000000000e+00
0.000000000000000000e+00
0.000000000000000000e+00
0.000000000000000000e+00
0.000000000000000000e+00
0.000000000000000000e+00
0.000000000000000000e+00
0.000000000000000000e+00
0.000000000000000000e+00
0.000000000000000000e+00
0.000000000000000000e+00
0.000000000000000000e+00
0.000000000000000000e+00
0.000000000000000000e+00
0.000000000000000000e+00
0.000000000000000000e+00
0.000000000000000000e+00
0.000000000000000000e+00
4.742130226332000538e-06
7.996138098078141656e-06
0.000000000000000000e+00
0.000000000000000000e+00
0.000000000000000000e+00
0.000000000000000000e+00
0.000000000000000000e+00
0.000000000000000000e+00
0.000000000000000000e+00
1.558787856123956540e-05
6.858275846467107556e-05
0.000000000000000000e+00
0.000000000000000000e+00
0.000000000000000000e+00
0.000000000000000000e+00
0.000000000000000000e+00
2.207715259538921103e-05
3.538877139473111234e-05
8.350946387488074384e-05
1.292914225334025190e-04
1.186359998357073284e-04
0.000000000000000000e+00
0.000000000000000000e+00
0.000000000000000000e+00
0.000000000000000000e+00
0.000000000000000000e+00
0.000000000000000000e+00
8.018810868717007531e-05
6.543190625709565755e-05
2.044089086344030956e-04
1.271404549272078083e-04
1.922378343846192002e-04
0.000000000000000000e+00
0.000000000000000000e+00
0.000000000000000000e+00
0.000000000000000000e+00
0.000000000000000000e+00
0.000000000000000000e+00
0.000000000000000000e+00
1.972529097900003363e-04
3.135438543502032708e-04
2.929404640474895594e-04
3.319817271904637883e-04
3.191107842468588049e-04
0.000000000000000000e+00
0.000000000000000000e+00
0.000000000000000000e+00
0.000000000000000000e+00
0.000000000000000000e+00
0.000000000000000000e+00
5.288351422942773143e-05
2.045780665280333454e-04
2.897102363898600413e-04
5.138949106473660912e-04
5.761733370024404131e-04
5.689998114679529909e-04
4.616539129091611006e-04
0.000000000000000000e+00
0.000000000000000000e+00
0.000000000000000000e+00
0.000000000000000000e+00
0.000000000000000000e+00
0.000000000000000000e+00
9.431665977381554697e-05
1.380991035910288285e-04
6.296251999873617167e-04
4.022564997526928204e-04
6.858667064732973254e-04
8.714955929323409383e-04
8.780235730141607714e-04
5.990695631955242134e-04
0.000000000000000000e+00
0.000000000000000000e+00
0.000000000000000000e+00
0.000000000000000000e+00
0.000000000000000000e+00
0.000000000000000000e+00
2.217745031038314033e-04
4.743164476743789754e-04
6.150278202761100352e-04
5.315140796697295474e-04
1.037678384952187742e-03
1.273568064952439573e-03
1.166766651456364618e-03
1.131308193801748661e-03
8.116747230159306221e-04
0.000000000000000000e+00
0.000000000000000000e+00
0.000000000000000000e+00
0.000000000000000000e+00
0.000000000000000000e+00
0.000000000000000000e+00
0.000000000000000000e+00
9.350983674840772234e-04
9.647226729190028520e-04
1.203796923790523277e-03
1.089441708511325151e-03
1.412398382060595656e-03
1.742220017429368549e-03
1.557002797133195211e-03
1.763692778535610409e-03
1.062669162817002529e-03
0.000000000000000000e+00
0.000000000000000000e+00
0.000000000000000000e+00
0.000000000000000000e+00
0.000000000000000000e+00
0.000000000000000000e+00
0.000000000000000000e+00
0.000000000000000000e+00
4.605524629024125593e-04
3.278212558960345857e-03
7.753449275000228250e-04
2.094105262888040515e-03
2.451576964839977460e-03
2.019585188904747270e-03
2.942740383934998923e-03
1.954973252530333924e-03
1.284130235362253205e-03
0.000000000000000000e+00
0.000000000000000000e+00
0.000000000000000000e+00
0.000000000000000000e+00
0.000000000000000000e+00
0.000000000000000000e+00
0.000000000000000000e+00
0.000000000000000000e+00
3.959157618674507065e-03
5.498132199567425061e-04
1.103259191983644140e-03
1.925034453017460297e-03
2.515145961378013103e-03
2.074271277552797946e-03
3.236765711671218439e-03
2.673027260325827863e-03
1.965907747300742366e-03
1.007459217249234273e-03
0.000000000000000000e+00
0.000000000000000000e+00
0.000000000000000000e+00
0.000000000000000000e+00
0.000000000000000000e+00
0.000000000000000000e+00
6.870918390981106813e-04
0.000000000000000000e+00
0.000000000000000000e+00
6.255803764722661815e-03
1.262162879607289616e-03
3.734357500788233579e-03
3.232024076792917085e-03
3.057404981144979609e-03
3.283404311677536828e-03
3.380703435130888446e-03
2.561228112645649348e-03
1.873231419423187528e-03
8.420626290331880348e-04
0.000000000000000000e+00
0.000000000000000000e+00
0.000000000000000000e+00
0.000000000000000000e+00
0.000000000000000000e+00
0.000000000000000000e+00
0.000000000000000000e+00
0.000000000000000000e+00
0.000000000000000000e+00
0.000000000000000000e+00
0.000000000000000000e+00
2.134390658697760731e-03
4.802462241893652208e-03
3.397527335507809915e-03
4.361375912144176831e-03
3.194859823493458300e-03
2.001279965181131971e-03
1.952452251204570086e-03
1.193238002639057053e-03
6.796394906090505667e-04
0.000000000000000000e+00
0.000000000000000000e+00
0.000000000000000000e+00
0.000000000000000000e+00
0.000000000000000000e+00
0.000000000000000000e+00
0.000000000000000000e+00
0.000000000000000000e+00
0.000000000000000000e+00
0.000000000000000000e+00
0.000000000000000000e+00
0.000000000000000000e+00
5.636707651041325366e-03
4.211256238566850330e-03
8.059975793201949040e-03
1.119902115365243277e-03
1.637328896697734688e-03
1.498978426460215218e-03
1.627886998612279069e-03
0.000000000000000000e+00
0.000000000000000000e+00
0.000000000000000000e+00
0.000000000000000000e+00
0.000000000000000000e+00
0.000000000000000000e+00
0.000000000000000000e+00
0.000000000000000000e+00
0.000000000000000000e+00
0.000000000000000000e+00
0.000000000000000000e+00
0.000000000000000000e+00
0.000000000000000000e+00
0.000000000000000000e+00
6.869473113588578936e-04
0.000000000000000000e+00
0.000000000000000000e+00
0.000000000000000000e+00
6.360685700197162007e-03
8.662707719305934653e-03
9.515080465387320673e-04
0.000000000000000000e+00
0.000000000000000000e+00
0.000000000000000000e+00
0.000000000000000000e+00
0.000000000000000000e+00
0.000000000000000000e+00
0.000000000000000000e+00
0.000000000000000000e+00
0.000000000000000000e+00
0.000000000000000000e+00
0.000000000000000000e+00
0.000000000000000000e+00
0.000000000000000000e+00
0.000000000000000000e+00
0.000000000000000000e+00
0.000000000000000000e+00
0.000000000000000000e+00
0.000000000000000000e+00
0.000000000000000000e+00
0.000000000000000000e+00
0.000000000000000000e+00
0.000000000000000000e+00
0.000000000000000000e+00
0.000000000000000000e+00
0.000000000000000000e+00
0.000000000000000000e+00
0.000000000000000000e+00
0.000000000000000000e+00
0.000000000000000000e+00
0.000000000000000000e+00
0.000000000000000000e+00
0.000000000000000000e+00
0.000000000000000000e+00
0.000000000000000000e+00
0.000000000000000000e+00
0.000000000000000000e+00
0.000000000000000000e+00
0.000000000000000000e+00
0.000000000000000000e+00
0.000000000000000000e+00
0.000000000000000000e+00
0.000000000000000000e+00
0.000000000000000000e+00
0.000000000000000000e+00
0.000000000000000000e+00
7.962549073097016639e-06
0.000000000000000000e+00
1.932679871598512968e-05
0.000000000000000000e+00
0.000000000000000000e+00
0.000000000000000000e+00
0.000000000000000000e+00
0.000000000000000000e+00
0.000000000000000000e+00
0.000000000000000000e+00
3.696059252953471340e-05
3.847162073031846222e-05
4.281945878427119130e-05
0.000000000000000000e+00
0.000000000000000000e+00
0.000000000000000000e+00
0.000000000000000000e+00
0.000000000000000000e+00
0.000000000000000000e+00
0.000000000000000000e+00
2.229210350235806093e-05
3.584218307818045051e-05
7.464722070277803945e-05
9.281293482726920207e-05
0.000000000000000000e+00
0.000000000000000000e+00
0.000000000000000000e+00
0.000000000000000000e+00
0.000000000000000000e+00
0.000000000000000000e+00
0.000000000000000000e+00
3.496707235996512583e-05
1.380481117962573004e-04
1.398490420097018379e-04
2.206403168736617516e-04
1.503330533634009364e-04
0.000000000000000000e+00
0.000000000000000000e+00
0.000000000000000000e+00
0.000000000000000000e+00
0.000000000000000000e+00
0.000000000000000000e+00
7.028187425125609225e-05
9.296610994218394155e-05
1.334800893052059197e-04
1.727022892479104278e-04
2.312884575140456225e-04
3.746956893726973033e-04
2.462641161193219476e-04
0.000000000000000000e+00
0.000000000000000000e+00
0.000000000000000000e+00
0.000000000000000000e+00
0.000000000000000000e+00
0.000000000000000000e+00
0.000000000000000000e+00
5.002661584527126181e-05
1.661929692378617471e-04
3.134909174602411698e-04
3.611657942267458283e-04
4.684035033670811928e-04
4.259083148700582109e-04
2.924764488618602880e-04
0.000000000000000000e+00
0.000000000000000000e+00
0.000000000000000000e+00
0.000000000000000000e+00
0.000000000000000000e+00
0.000000000000000000e+00
0.000000000000000000e+00
1.247638543400614352e-04
3.358655042207123534e-04
5.399982496052827072e-04
3.563769086877768702e-04
6.865704597548127333e-04
7.215864797381995504e-04
6.565567906447618805e-04
4.809639199990088285e-04
0.000000000000000000e+00
0.000000000000000000e+00
0.000000000000000000e+00
0.000000000000000000e+00
0.000000000000000000e+00
0.000000000000000000e+00
0.000000000000000000e+00
0.000000000000000000e+00
4.088195234678232773e-04
3.099138245793431052e-04
1.088204802959544075e-03
7.660121714222213043e-04
9.973006461197015879e-04
9.659735535564099819e-04
8.732821594934621302e-04
4.923720635112761347e-04
0.000000000000000000e+00
0.000000000000000000e+00
0.000000000000000000e+00
0.000000000000000000e+00
0.000000000000000000e+00
0.000000000000000000e+00
0.000000000000000000e+00
0.000000000000000000e+00
1.279912164486261654e-03
7.102718965946890669e-04
1.373586647292584758e-03
7.724482811540781153e-04
1.868053107025055429e-03
1.617055647941009061e-03
1.495788382089339617e-03
1.010759512558718522e-03
7.381126074615349279e-04
0.000000000000000000e+00
0.000000000000000000e+00
0.000000000000000000e+00
0.000000000000000000e+00
0.000000000000000000e+00
0.000000000000000000e+00
0.000000000000000000e+00
0.000000000000000000e+00
6.967492515044513592e-04
0.000000000000000000e+00
1.285506110789787345e-03
2.285976509584485288e-04
1.620325421121614727e-03
1.581548897300049479e-03
1.499601746108837836e-03
1.103999445196319085e-03
1.761618778481305846e-03
4.000441074975355114e-04
0.000000000000000000e+00
0.000000000000000000e+00
0.000000000000000000e+00
0.000000000000000000e+00
0.000000000000000000e+00
0.000000000000000000e+00
0.000000000000000000e+00
0.000000000000000000e+00
0.000000000000000000e+00
0.000000000000000000e+00
0.000000000000000000e+00
8.518234201554822707e-04
5.920692202229298163e-04
1.044448292772292642e-03
1.947685872657653982e-04
9.417250680518150785e-04
1.894279462633697642e-03
4.986658946217009626e-04
2.973792435984474168e-04
0.000000000000000000e+00
0.000000000000000000e+00
0.000000000000000000e+00
0.000000000000000000e+00
0.000000000000000000e+00
0.000000000000000000e+00
0.000000000000000000e+00
0.000000000000000000e+00
0.000000000000000000e+00
0.000000000000000000e+00
6.864849910111081458e-04
0.000000000000000000e+00
0.000000000000000000e+00
2.401423478006516066e-03
1.255182869117252862e-03
1.310790379959611129e-03
1.753543576618712182e-04
5.697882125134332834e-04
4.569293755744208629e-04
0.000000000000000000e+00
0.000000000000000000e+00
0.000000000000000000e+00
0.000000000000000000e+00
0.000000000000000000e+00
0.000000000000000000e+00
0.000000000000000000e+00
0.000000000000000000e+00
0.000000000000000000e+00
0.000000000000000000e+00
0.000000000000000000e+00
0.000000000000000000e+00
0.000000000000000000e+00
0.000000000000000000e+00
0.000000000000000000e+00
1.425960396783058004e-03
0.000000000000000000e+00
0.000000000000000000e+00
1.697557285560798027e-03
0.000000000000000000e+00
0.000000000000000000e+00
0.000000000000000000e+00
0.000000000000000000e+00
0.000000000000000000e+00
0.000000000000000000e+00
0.000000000000000000e+00
0.000000000000000000e+00
0.000000000000000000e+00
0.000000000000000000e+00
0.000000000000000000e+00
0.000000000000000000e+00
0.000000000000000000e+00
0.000000000000000000e+00
0.000000000000000000e+00
0.000000000000000000e+00
0.000000000000000000e+00
0.000000000000000000e+00
0.000000000000000000e+00
0.000000000000000000e+00
0.000000000000000000e+00
0.000000000000000000e+00
0.000000000000000000e+00
0.000000000000000000e+00
0.000000000000000000e+00
