2.428857269826921517e+00
2.709964283603998325e+00
2.971119139919260910e+00
3.148699796332199874e+00
3.358714679543014725e+00
3.456956502644899398e+00
2.996063582015106252e+00
3.400060315866553662e+00
3.390768091871202206e+00
3.960476214733460232e+00
3.112795663581243044e+00
2.986212114293885111e+00
3.886885750955900054e+00
3.809828189323963166e+00
5.011426086580749839e+00
3.818064895440873130e+00
3.192948683268105992e+00
3.929100651524132015e+00
4.079028445727557184e+00
4.675567284636635179e+00
4.756720185927951761e+00
3.415692404787080694e+00
4.849512660784873752e+00
5.116084683228087293e+00
4.330996541793480148e+00
4.247438535720134745e+00
5.494895061289859051e+00
4.656356992667378236e+00
2.681868514041223506e+00
2.750364570315271262e+00
4.932728580519508910e+00
4.984938597240066827e+00
5.427566155682342242e+00
4.777902004652201384e+00
5.223429814293861106e+00
5.645667406545200606e+00
3.847284243793829273e+00
6.471645632505109269e+00
2.636959937430037648e+00
5.703532450594729575e+00
5.991992628443739477e+00
4.597781644253614353e+00
4.833099056064163790e+00
4.719977922388117086e+00
5.932587199147026702e+00
3.883006446854770477e+00
2.299599128543331705e+00
5.487291937250732943e+00
5.417695663973214337e+00
5.185280643551063662e+00
4.723561639529542333e+00
6.872896625154607975e+00
5.356073392721937942e+00
5.067324057898907164e+00
5.740910841297926837e+00
2.030088712839695386e+00
6.151538375752932275e+00
2.906581690082489455e+00
4.775621552844201645e+00
4.150429148044708860e+00
4.544202827966294933e+00
6.523873899789652597e+00
5.167082298962027309e+00
5.512276542305185600e+00
5.483634583879192448e+00
6.357851506725594959e+00
2.850943977851183142e+00
8.291895224396633068e+00
3.269127824779324953e+00
6.812313652865320535e+00
5.264395721282689067e+00
6.547843379389344243e+00
6.085069028409213487e+00
6.901280676061741559e+00
5.323486126444485045e+00
5.679155857007532227e+00
6.014071597599379260e+00
5.985158900560527684e+00
1.264079608437449487e+00
4.666943582248799238e+00
1.707384910525011179e+00
7.162723403538397982e+00
6.513050700554896544e+00
8.453210541545693957e+00
5.886495366070024993e+00
4.819221764694135324e+00
6.333987181186889970e+00
5.268588778037361919e+00
6.206971301260520768e+00
6.803281224005841565e+00
6.075998349866677195e+00
2.046760303275141624e+01
7.242617732386616325e+00
4.739213838879702045e+00
4.853970387628044669e+00
5.581056012442071612e+00
7.369785556759762990e+00
7.115061457819550128e+00
5.369087622764189938e+00
6.995310077659840253e+00
6.603645056551688874e+00
6.220978836817113944e+00
6.022049718567851428e+00
7.116675735835476857e+00
5.951882698202228816e+00
7.894571322605714592e-02
1.232405406776344137e+01
4.047677818266885552e+00
3.844831712764158027e+00
5.681852054108919248e+00
4.359435213943872789e+00
7.901049907746256373e+00
4.052375299833704148e+00
6.891926974628719726e+00
4.534740173276468056e+00
5.493820180758747007e+00
6.571261004552328977e+00
7.059990048730434786e+00
7.004031757809213943e+00
5.830702462555133359e+00
3.126650321869118287e-01
1.860902502930748437e+00
2.863032466549311206e-01
4.681831116950984084e-01
5.601389461146474957e+00
1.205061199597029820e+01
4.884664658073941013e+00
1.059089601139618431e+01
2.659629348261957738e+00
9.233995312430176128e+00
5.496013916628713858e+00
4.615589904721183245e+00
5.804460087243533906e+00
6.148005498250806333e+00
7.376513550505464423e+00
5.010041481978553257e+00
1.171515418024061450e+00
0.000000000000000000e+00
8.969846696908515549e-01
1.222135212367502888e+00
8.250142205608085533e+00
6.655457885062158851e+00
5.872162013635453981e+00
9.126950956649679370e+00
3.944441377403739679e+00
9.410988327090429095e+00
1.177133293567972139e+01
5.172877190497811029e+00
5.224774213031909476e+00
7.997586757561946591e+00
6.143523908202519479e+00
5.098939625773779127e+00
5.985590076328952236e+00
0.000000000000000000e+00
1.241456798161226560e+00
5.987275620348701644e+00
2.164454267666102272e+00
3.675160000359760204e+00
1.529840459316599288e+00
5.600455198700604598e+00
8.576707270444400066e+00
3.329809109223668351e+00
4.226276326266626526e+00
4.735067555917686022e+00
5.212828825202897143e+00
6.336389340693331818e+00
7.846462082994025700e+00
4.400486233853623474e+00
5.519763495260963992e+00
5.541612646531740793e+00
6.004349636018160297e+00
0.000000000000000000e+00
0.000000000000000000e+00
0.000000000000000000e+00
0.000000000000000000e+00
3.878203298275254340e+00
3.302696057249389749e+00
3.763298056927386170e+00
2.581197636077087854e+00
2.172503832356590170e+00
4.343994548244123344e+00
3.994502954125602745e+00
7.647065561899420771e+00
3.990748103798740676e+00
4.804033016639806419e+00
3.592103531101701996e+00
4.890004630465622171e+00
3.867080437225475009e+00
3.176902945330293271e+00
2.253358765527389451e+00
0.000000000000000000e+00
0.000000000000000000e+00
0.000000000000000000e+00
5.797831271474744419e+00
1.639394765884938820e+00
5.464190135358961697e-01
2.185742826413097362e+00
1.912593453656099340e+00
2.185708780347345837e+00
7.994001021333768442e+00
2.759298201644473369e+00
1.042350635658412017e+01
3.532599171400252036e+00
2.138951232758218080e+00
6.918995583560192841e+00
5.104131665048710964e+00
3.977507205382559086e+00
5.590231672632252291e+00
2.589864406603661795e+00
2.900298427103864540e+00
0.000000000000000000e+00
0.000000000000000000e+00
0.000000000000000000e+00
0.000000000000000000e+00
5.464167312501690965e-01
8.196581675271353840e-01
1.366110364471879945e+00
3.623976366582906561e+00
4.314322096108807791e+00
1.639251562897482639e+00
1.716113390751388579e+00
1.067204149116839806e+00
5.464573300273368739e-01
1.384090347431460977e+00
6.653409760062406475e-01
3.016218974014139853e+00
8.866969821799909113e+00
1.941689724593543165e+00
8.105590943370598822e+00
4.486996782150098007e+00
3.041669225234647111e+00
0.000000000000000000e+00
0.000000000000000000e+00
0.000000000000000000e+00
0.000000000000000000e+00
5.464621839124501612e-01
1.092847873079833665e+00
1.033713947638207209e+01
5.464078151820743745e-01
5.418051686598169603e+00
2.731820544915775639e-01
2.285951646532003778e+00
2.456669904381372227e+00
9.211387912545266898e-01
4.176670412819346589e-01
4.128002715056855898e+00
1.925304748600647375e+00
6.333725357829702141e+00
2.888792465293780420e+00
5.784949916037515294e+00
1.843727157291453977e+00
3.076775232873944166e+00
2.723507009326588513e+00
1.499292986320199361e+00
1.801838979586184886e+00
2.364997643602436916e+00
2.080593172010655412e+00
2.743773484780632099e+00
3.699165023931447749e+00
2.411734270546777914e+00
3.534512271552846752e+00
4.505430007512652324e+00
5.059026495945277091e+00
2.769671915979798005e+00
3.828025067517403457e+00
4.952548420589784506e+00
6.454886981884077279e+00
8.225642564893481889e+00
3.927853641165447662e+00
4.681017673619411568e+00
5.954837069997103605e+00
8.039000126093503340e+00
9.047110898489540531e+00
1.085714542189151999e+01
4.168928170501787989e+00
4.615463607482240604e+00
6.829442746027888589e+00
8.369091902161889251e+00
1.000410087843116180e+01
1.164464181316377456e+01
1.345187922177648332e+01
3.916196715917129367e+00
6.295908286360611505e+00
6.767299158249540092e+00
1.010150524655759874e+01
1.151899451090195647e+01
1.298703462833132782e+01
1.521324388625321156e+01
1.849789683460157619e+01
3.962719369200415453e+00
6.666933805015522019e+00
7.462654403464823005e+00
1.093890313667045966e+01
1.137259233269556979e+01
1.493381978792963594e+01
1.570585615007821723e+01
1.915528988042904857e+01
2.051832766486584347e+01
4.416027635453625422e+00
6.826189919249401328e+00
1.004226044186717992e+01
1.173532786253262827e+01
1.471068994418037335e+01
1.487532338181958558e+01
1.913052566106396313e+01
2.087786427362640040e+01
2.194064400808811399e+01
2.390865364250404568e+01
5.086745555915324957e+00
6.716525412886167778e+00
1.026622797287369870e+01
1.226141597395912974e+01
1.494412768266294300e+01
1.754064190490895569e+01
2.044847196066367445e+01
2.245527776619857008e+01
2.451475111390157835e+01
2.698795453672370215e+01
2.956106274094146613e+01
4.537245520579081592e+00
7.361727020814340605e+00
7.617062567276457585e+00
1.087232992040900292e+01
1.582704474747533929e+01
1.622146724191697942e+01
2.217354218584330994e+01
2.513663028375870923e+01
2.592787904184458014e+01
2.750695530936035027e+01
3.044309325889888740e+01
3.253380104558515740e+01
1.026964238375768623e+01
5.384673160454078733e+00
9.191440798635955645e+00
1.134064296541819594e+01
1.787614783766287019e+01
2.466154996462602966e+01
2.013039915279199121e+01
2.351632548709684301e+01
2.737436708425950016e+01
2.604947535044176021e+01
3.136813250095953620e+01
3.426900035519894772e+01
3.201552596621497315e+01
5.343761725956515107e+00
4.480504462641392571e+00
6.788059233965180184e+00
1.354287415051440036e+01
1.249281668506266030e+01
2.189241727428686701e+01
1.723797964522641735e+01
2.264489473169866685e+01
2.825069296869424917e+01
2.810511883137975531e+01
2.962931591770254869e+01
3.336040556440452320e+01
3.380107281960988530e+01
3.679376406982829195e+01
4.555539734956012943e+00
5.085068167273217199e+00
1.034916415379974453e+01
1.696225542190573776e+01
1.269008051021776140e+01
1.731024286734203699e+01
1.525039253915255699e+01
2.350708532714768495e+01
2.444871682109468125e+01
3.073307256053041314e+01
3.023820582613079111e+01
3.012224380210639296e+01
3.369666335362192200e+01
3.336826760058287533e+01
3.686642297621272490e+01
6.212894629995420470e-02
1.527624654795941161e+01
1.470987992753735618e+01
1.659231432445214338e+01
1.582157646638943582e+01
1.331867497964513447e+01
1.822240738482062739e+01
2.212343452676769573e+01
2.966176372494012980e+01
2.799606283426044229e+01
3.293297686605222196e+01
3.268992131934151502e+01
3.535992757842779355e+01
3.682450406109934704e+01
3.786016709965161198e+01
3.811928998374841626e+01
1.770566334497247762e-01
6.375193860787939926e+00
1.286576349264205632e+01
9.033791469626681447e+00
2.531220542272923169e+01
1.323224654284823210e+01
1.016001463099219926e+01
2.448292389176693362e+01
3.199725113221183648e+01
2.589397031751541789e+01
3.556162058859437280e+01
3.286803323731772508e+01
3.222292199436868998e+01
3.772204675339473567e+01
3.963348280734418694e+01
3.990427234330855555e+01
3.706722715056614703e+01
3.427011314910481388e-01
2.387928300808233317e-01
4.883302709015403309e+00
2.518105448282002712e+01
7.528512432412487243e+00
1.878629839025036219e+01
4.306179907755981162e+01
1.425872395159170303e+01
2.482362822123156931e+01
2.961575823315515876e+01
2.696614940832486340e+01
3.210990620498520087e+01
3.126812550708097760e+01
3.350400852449155309e+01
3.381920011385458480e+01
3.663808264883402899e+01
3.687047200627078780e+01
3.538528615355876639e+01
7.371528188177401963e-01
6.058993340191282106e-01
2.422417489087099085e+00
9.471579195705055909e+00
5.796890901841329047e+00
1.203366840001947935e+01
2.398128125786962528e+01
1.649020752242100230e+01
2.072051668090738730e+01
3.103936116510188370e+01
3.336484715390256639e+01
2.498260071373702473e+01
3.206665021471389565e+01
3.329128733604686374e+01
3.414793777101845507e+01
3.172570356095217647e+01
3.255948151902770604e+01
2.883883092173958218e+01
3.132805378790749273e+01
0.000000000000000000e+00
0.000000000000000000e+00
1.856640538438900867e+00
2.918807591448310479e+00
1.966107907139524213e+00
8.864934585483563723e+00
2.591048441672498015e+01
1.219794261085831799e+01
2.234641122206196684e+01
2.592252076620673407e+01
2.535991197059667712e+01
2.384009526920095112e+01
2.367881539804836777e+01
2.594646512589463683e+01
2.862833330557717915e+01
2.844440869691696960e+01
3.519037988815502871e+01
3.305721724521882976e+01
2.641707428290955306e+01
2.679700671966463688e+01
0.000000000000000000e+00
1.044852030226139705e+00
1.491450907856925578e+00
1.109588659500899155e+01
3.477334696351964993e+01
2.948519279539430382e+00
4.755976205313574923e+01
1.042764638597915905e+01
1.320030047849481392e+01
1.570669244501159234e+01
2.383833578205072712e+01
3.772023061302753177e+01
2.040766030736846659e+01
2.606519854049747664e+01
3.073587217152578788e+01
2.791673928276166450e+01
3.158863465068531795e+01
2.719448084612066552e+01
2.563837210392125598e+01
2.807865842661493616e+01
1.823822128371045892e+01
0.000000000000000000e+00
0.000000000000000000e+00
0.000000000000000000e+00
0.000000000000000000e+00
6.553529328787687236e-01
1.965711243281848652e+00
2.406801111505990409e+00
2.129586980198325374e+00
6.781834861784532542e+00
6.319992808060485245e+00
1.347443062725971430e+01
3.443117705069751366e+01
1.680437070532604338e+01
1.623865081531357646e+01
1.469134593619980578e+01
2.151180704842873581e+01
2.614285969464889448e+01
2.297278763180350580e+01
3.152411110669754990e+01
2.164923967027826990e+01
2.388479134508770230e+01
1.390784371274060582e+01
9.823605096287296723e-03
2.685013451771983695e-02
4.695381719315491059e-02
6.365509823506858289e-02
6.646674181581659069e-02
1.529363785270888565e-01
1.335910983876308911e-01
1.492286578275150710e-01
4.121540460095122205e-01
6.536009937529958513e-01
8.228324191897984363e-02
4.108129740416309739e-01
4.990927218728706261e-01
8.803287924118023966e-01
1.505362485413398677e+00
2.236615862816456746e-01
4.323592514806943177e-01
7.891431946972738976e-01
1.400464127352623267e+00
2.124972208348209435e+00
3.431166322289098236e+00
2.860009688348519319e-01
7.146366054392868650e-01
1.321407173592865636e+00
1.834011123486089856e+00
2.951094633123274136e+00
4.227309801181827531e+00
6.014511678650089621e+00
2.376326916423186220e-01
8.533956061096963364e-01
1.425283880519287116e+00
2.609218401458719416e+00
4.167184343564511728e+00
5.694755852100609417e+00
7.984683966259461307e+00
1.003650095497428651e+01
3.050596845709449001e-01
1.360251785099289235e+00
1.805486138684511133e+00
3.108083641168706723e+00
4.393168730574013026e+00
6.665890373188523732e+00
9.823800091721315297e+00
1.305967745927290480e+01
1.590146069718944410e+01
2.292886002697726855e-01
1.636489872213574781e+00
1.937329641495899368e+00
3.502123910152163511e+00
6.121380498353726551e+00
8.367424979168827548e+00
1.195159504922770743e+01
1.642590230565961562e+01
1.954043826010951435e+01
2.461085973112474434e+01
4.103695629644327214e-01
8.534394522273611727e-01
2.390423540496385169e+00
4.234654294989083745e+00
5.843821906947652245e+00
8.077458652302530240e+00
1.378456429870445277e+01
1.787955870651487444e+01
2.267695614141606697e+01
2.721386007148813846e+01
3.080916852846712573e+01
1.031745004388187503e+00
6.298140979358424207e-01
3.158296758950252858e+00
5.513773017775120522e+00
8.194027912588348173e+00
1.026509545455870054e+01
1.525042868033949617e+01
1.984215363493963480e+01
2.450219463118769170e+01
3.274735720459612054e+01
3.588529773131923406e+01
4.091250982944016101e+01
1.067524951357167184e-01
1.222438597480534739e+00
2.351116374936115694e+00
4.022161616929330386e+00
6.737136099716792614e+00
1.146619051678591994e+01
1.678747940002447336e+01
2.167308199283842640e+01
2.769407674748824988e+01
3.181043161325409230e+01
4.067358754296756729e+01
4.494649868125896575e+01
4.949125910965570085e+01
2.213533951337539329e-01
2.121510266379925902e+00
1.672890265096467655e+00
5.601951020933832126e+00
8.923159257782064202e+00
1.174984092235104249e+01
1.817750028913550153e+01
1.964055751527211058e+01
2.926134443958261144e+01
3.608716187196126413e+01
4.186767456482672856e+01
4.690813834057986043e+01
5.412465956368198050e+01
5.836422786532634888e+01
1.617588650835919961e-01
8.853614515693312148e-01
5.155807477350800028e+00
2.618597693262012083e+00
6.749175259788594339e+00
1.142834007803396013e+01
2.029992543406872585e+01
2.128607344413194724e+01
3.092282786023887908e+01
3.480480749671502139e+01
4.328717054957590449e+01
5.114168188828858774e+01
5.731517635419743328e+01
6.027496263346039740e+01
6.502501578652993430e+01
1.494662700650692511e+00
4.550052951099017307e+00
2.285926337872723035e+00
5.364226536128809286e+00
6.373553899195607997e+00
8.056567873607242802e+00
2.162788542530222813e+01
2.133328481684792166e+01
2.942002819149652382e+01
3.852955120895090602e+01
4.529651022816990036e+01
5.123007189703725572e+01
5.604476460744380972e+01
6.258019578138169692e+01
6.923929001122225202e+01
7.092222599418398943e+01
0.000000000000000000e+00
5.093675972873523250e+00
4.501815328802229565e+00
4.237610558219350843e+00
5.935080433351417994e+00
8.412743686980810764e+00
1.302844869982505038e+01
2.259000206750875250e+01
2.671132289644445024e+01
3.437680537624698474e+01
4.508386451065368306e+01
5.405622649030963345e+01
5.546949150779193616e+01
6.476864494569205988e+01
6.984531060881866438e+01
7.200778614493766838e+01
7.131557745687817373e+01
1.076521979607897528e+00
1.347198202095470254e+00
4.398392750472198465e+00
7.542711713152850272e+00
1.387460689765573907e+00
1.032921247471398729e+01
1.418510139679655424e+01
2.010625381879637885e+01
2.481046639791281549e+01
2.335719162791984260e+01
3.389725546003423773e+01
4.455991445321980393e+01
5.108821145867879210e+01
5.804836627887857503e+01
6.049416757540196699e+01
6.634739669630549486e+01
6.966790744696022841e+01
6.935022206365340480e+01
1.930145169900790991e+00
4.483366124372079042e+00
3.403842830339673942e+00
5.750376601281685041e+00
2.274480036843562925e+00
1.374469054317811079e+00
8.061364290558943324e+00
8.744434790090910070e+00
1.708335545239468090e+01
3.026966979813105141e+01
3.416829956830280679e+01
4.435842287630138259e+01
4.796614457416627886e+01
5.329718678475450133e+01
5.503853259718209756e+01
5.960873136064437716e+01
6.687672395004447878e+01
6.134351414678829428e+01
6.742342057501066677e+01
0.000000000000000000e+00
0.000000000000000000e+00
1.518831162747889429e+00
8.532384869485611922e-01
5.890019127766444873e-01
1.570656246153816715e+00
2.454684295835955155e+00
6.111469429178117529e+00
1.432644122823787214e+01
2.188607949252749663e+01
2.328183142388432358e+01
2.925169151568007564e+01
3.637981735582088305e+01
4.468102667186671795e+01
5.119125048293840052e+01
5.577867104780420959e+01
5.315255776495290974e+01
6.057891377867033356e+01
6.013178849012271598e+01
4.736537189903032896e+01
0.000000000000000000e+00
0.000000000000000000e+00
0.000000000000000000e+00
2.303522977405693950e-01
2.946714924722440010e-01
2.629916875655513309e+01
1.276270994245734425e+00
3.268255582869199927e+00
6.603790739136329968e+00
1.196288375702378204e+01
2.096488956028050410e+01
2.654851941872574272e+01
2.530801864891346398e+01
2.516069322174332967e+01
3.945261620808737035e+01
4.799299248072206581e+01
5.281146435024390229e+01
5.008210090266013736e+01
4.349802543247406561e+01
4.010217370021599947e+01
3.976734932055826022e+01
0.000000000000000000e+00
0.000000000000000000e+00
0.000000000000000000e+00
0.000000000000000000e+00
9.819838855397662603e-02
3.928284730021693871e-01
2.728731607945522608e+00
7.854156344550353719e-01
3.044182280080101943e+00
9.725527351304407375e+00
8.647313484809634687e+00
2.604756776442859589e+01
1.221175911327787489e+01
2.548660558639349460e+01
4.071346736701424618e+01
3.298630769728434586e+01
3.878997283113342576e+01
4.168360522084172715e+01
3.903312566739155187e+01
3.120059288290607569e+01
2.840365352992997217e+01
2.300651454538186869e+01
0.000000000000000000e+00
0.000000000000000000e+00
0.000000000000000000e+00
0.000000000000000000e+00
0.000000000000000000e+00
3.445989776552791251e-03
0.000000000000000000e+00
0.000000000000000000e+00
1.098575406644806962e-02
0.000000000000000000e+00
4.936567349075795530e-01
0.000000000000000000e+00
5.043143876587226349e-03
3.408734472025552829e-03
2.788327794311738425e-02
3.076395765774661561e-01
0.000000000000000000e+00
0.000000000000000000e+00
1.535613570084273793e-02
5.864546985273529772e-02
1.208936142375894723e-01
0.000000000000000000e+00
8.777238702267499068e-03
5.380187786119992183e-02
5.924010213346094650e-02
1.130919967228941059e-01
3.162112208022897497e-01
5.845902664006126237e-01
0.000000000000000000e+00
1.702920892117411322e-02
9.465045469149034607e-02
9.072599285666244073e-02
2.951754918616276147e-01
5.673524663222277997e-01
1.046510029495447469e+00
1.922248838063750576e+00
0.000000000000000000e+00
2.030641539388990113e-02
7.999541902454289366e-02
1.158220693729871964e-01
3.295772206476856869e-01
8.174060753134445578e-01
1.746217562431122916e+00
2.849286746423698613e+00
4.659046435382288465e+00
4.987100449624915811e-03
2.159412005046473793e-02
6.035218037854472167e-02
1.644580773213989711e-01
6.849715792930567426e-01
1.227110740161901248e+00
2.357807445528341539e+00
4.151597034747911863e+00
6.407249165344355291e+00
9.031677261635866927e+00
0.000000000000000000e+00
1.675403289822894326e-01
1.019449223583158426e-01
3.453723062192347593e-01
6.681061208711436272e-01
1.801836030788683374e+00
2.791722041372009855e+00
5.128179626705905214e+00
8.014659963086666394e+00
1.106751357597440943e+01
1.477798100174073070e+01
0.000000000000000000e+00
0.000000000000000000e+00
9.395159271669301093e-02
4.551731411635833169e-01
1.013563993868125346e+00
1.678508671285020792e+00
3.930789259227405186e+00
6.420254442586842636e+00
1.044255651890729375e+01
1.353711376710044512e+01
1.850675950762842348e+01
2.276129476791888351e+01
8.169297425816533786e-02
3.247431195127744447e-02
3.232182692813804353e-02
8.099723054149767787e-01
6.489951735111824105e-01
2.567136310217963402e+00
4.602244195913568703e+00
7.043790722614755140e+00
1.061868364747005877e+01
1.688612161144667212e+01
2.118951021502099508e+01
2.652465064305697240e+01
3.241183814630586824e+01
0.000000000000000000e+00
5.132565192153434874e-02
1.902991808682392982e-01
4.559582150025466851e-01
1.316743710556659064e+00
2.247700306098404877e+00
4.498048200643232519e+00
8.164059348047183917e+00
1.210675397610171622e+01
1.709751334224499075e+01
2.210223998472870832e+01
3.051365979578737253e+01
3.684115872923212009e+01
4.366464515454055118e+01
7.541949639272219619e-01
3.133076406503771949e-01
3.798138807748918655e-01
5.077047433886231476e-01
1.226105695402561313e+00
2.541383901568104342e+00
6.162798799219618040e+00
7.368011548577037217e+00
1.358418454581761559e+01
1.998417810532193428e+01
2.657729158906867184e+01
3.415470085768801312e+01
4.061401733957406179e+01
4.633933894643470808e+01
5.076127532383741681e+01
0.000000000000000000e+00
0.000000000000000000e+00
0.000000000000000000e+00
7.973503132028302298e-01
7.557948965935255004e-01
8.891040286152265271e-01
4.909373375109675308e+00
8.500081016960480795e+00
1.531292153147363955e+01
1.732501208849488705e+01
2.482296935898854429e+01
3.414283475865806139e+01
3.983444318046149135e+01
4.842762331635195494e+01
5.151887645530452886e+01
5.766681558891190917e+01
0.000000000000000000e+00
0.000000000000000000e+00
4.816582773803454454e-01
5.853861088549325853e-01
1.248309551146326690e+00
3.133467015892459351e+00
7.064349180590309141e-01
7.787059874105722201e+00
8.175118281880818571e+00
2.021272898628008363e+01
2.668369927975213685e+01
3.526505049910114309e+01
4.074122212884157079e+01
5.142122293810900402e+01
5.285822532957402586e+01
5.841420931650601744e+01
6.130809102051480153e+01
0.000000000000000000e+00
0.000000000000000000e+00
8.315772049855094661e-01
3.315222334113082092e-01
9.489896651533487326e-02
1.438487614906148071e+00
1.044745174273131916e+01
4.641686690022336137e+00
6.224000249374767257e+00
1.156169111316353337e+01
1.882003168834066997e+01
2.441430440633696364e+01
2.915329497945591086e+01
4.228413398942396384e+01
4.718499715744019340e+01
5.278104936982675355e+01
5.828636751880946321e+01
5.187078933411536497e+01
0.000000000000000000e+00
0.000000000000000000e+00
0.000000000000000000e+00
4.401744245399949462e-01
1.091287914029876460e-01
4.900192123801326294e-01
4.940739080019866947e+00
4.886416799392737431e+00
4.134459778851332423e+00
9.609559202587778515e+00
1.136724557021643101e+01
1.848814319234773507e+01
2.500803168014138222e+01
2.754231411773693594e+01
3.754840733147412379e+01
4.310929045898444656e+01
4.605313508834920100e+01
4.395993736639473326e+01
3.897280078466724262e+01
0.000000000000000000e+00
0.000000000000000000e+00
0.000000000000000000e+00
0.000000000000000000e+00
9.804032590043577911e-02
9.801945782625205716e-02
9.804860431243438146e-02
3.763345909332215022e+00
1.404134943728747587e+00
2.343996592442018301e+00
1.145348437002703079e+01
1.466102028718520600e+01
2.316132684044439927e+01
2.269964957479681189e+01
3.523600194034013811e+01
3.292739117320181208e+01
3.446397961503879515e+01
4.188504539303439600e+01
3.318787757344676237e+01
2.834559052299325543e+01
0.000000000000000000e+00
0.000000000000000000e+00
0.000000000000000000e+00
0.000000000000000000e+00
1.960510750172083372e-01
1.960555398995718901e-01
2.941228297468352348e-01
9.797012351781293760e-02
1.176277529326613891e+00
1.274144744790985051e+00
6.209644808509195535e+00
4.898869659434652135e+00
1.177594318355611236e+01
1.674758056091603464e+01
2.639576429203052399e+01
2.579900383472789471e+01
2.889321996626275535e+01
2.586077856058073010e+01
2.394773935129452624e+01
2.288425580998948661e+01
2.030186070203949456e+01
0.000000000000000000e+00
0.000000000000000000e+00
0.000000000000000000e+00
0.000000000000000000e+00
0.000000000000000000e+00
1.960389468741793317e-01
3.920374996794668276e-01
9.802576386385629392e-02
7.094014310292837244e+00
1.960309021787909334e-01
8.820955297654206051e-01
1.484122592451571299e+00
1.224373933986387897e+01
7.624443165178389492e+00
4.099178312269476265e+01
2.358275180763333623e+01
1.438882667896830192e+01
2.057207461412577842e+01
1.634466898331775297e+01
1.939517196475365424e+01
1.424949848398443564e+01
1.100879324998972386e+01
0.000000000000000000e+00
0.000000000000000000e+00
0.000000000000000000e+00
0.000000000000000000e+00
0.000000000000000000e+00
0.000000000000000000e+00
0.000000000000000000e+00
0.000000000000000000e+00
0.000000000000000000e+00
0.000000000000000000e+00
0.000000000000000000e+00
0.000000000000000000e+00
0.000000000000000000e+00
0.000000000000000000e+00
1.098951418117883119e-03
0.000000000000000000e+00
0.000000000000000000e+00
0.000000000000000000e+00
0.000000000000000000e+00
7.607334873470426948e-04
1.797102299755810742e-03
0.000000000000000000e+00
0.000000000000000000e+00
0.000000000000000000e+00
0.000000000000000000e+00
1.086482907878009692e-03
6.384277927122819322e-03
2.475028568717540720e-02
0.000000000000000000e+00
0.000000000000000000e+00
0.000000000000000000e+00
0.000000000000000000e+00
1.220828964461246821e-02
1.235701923405737798e-02
7.249472483034845316e-02
2.463419328440298040e-01
0.000000000000000000e+00
0.000000000000000000e+00
0.000000000000000000e+00
0.000000000000000000e+00
3.197150573199748075e-02
2.924108033650902119e-02
2.080739580143792788e-01
4.732056213340249395e-01
8.851937565586628365e-01
0.000000000000000000e+00
0.000000000000000000e+00
0.000000000000000000e+00
1.836218087728409484e-02
4.451621064798674116e-02
2.248655266375504669e-01
2.353152092593236988e-01
7.265041562949967613e-01
1.580876342301274384e+00
2.122131487507473491e+00
0.000000000000000000e+00
0.000000000000000000e+00
0.000000000000000000e+00
1.069342237374425707e-02
1.565469653238948239e-02
2.057029531158705016e-01
4.732669980426059131e-01
1.133587361256580994e+00
1.903743012466546647e+00
3.420573275354499732e+00
5.078754680093978457e+00
0.000000000000000000e+00
0.000000000000000000e+00
4.880684441168105236e-02
2.195759016965286026e-02
5.119172242618962726e-02
2.934992592061343442e-01
6.098860903573759540e-01
1.215323544401611944e+00
2.808027859995266606e+00
4.756056441469516116e+00
6.544351197184619551e+00
9.046850315059685954e+00
0.000000000000000000e+00
0.000000000000000000e+00
0.000000000000000000e+00
1.382230526882961830e-01
8.377710599008329762e-02
5.597917074506826296e-01
1.147342894618367248e+00
1.586426666280957853e+00
3.090118466812306064e+00
5.313797987116151589e+00
7.801450993777088172e+00
1.127471142506669644e+01
1.457241503195541377e+01
0.000000000000000000e+00
0.000000000000000000e+00
0.000000000000000000e+00
6.179350738248732405e-02
1.544908795600418439e-01
5.964797517732729482e-01
7.770878086895006698e-01
2.013962638747659017e+00
3.653527966977010433e+00
5.717332771197184194e+00
9.169882771387499076e+00
1.353323010484522548e+01
1.782834545963861572e+01
2.097686356745085945e+01
0.000000000000000000e+00
0.000000000000000000e+00
0.000000000000000000e+00
0.000000000000000000e+00
1.593753734991027252e-02
4.537655728117531151e-01
1.481456447605741245e+00
2.236956443207163581e+00
3.889197599181700049e+00
6.243733636021663536e+00
1.216372093554828204e+01
1.587409384339267326e+01
1.981198552835935800e+01
2.216189641841483748e+01
2.856623176998365921e+01
0.000000000000000000e+00
0.000000000000000000e+00
0.000000000000000000e+00
0.000000000000000000e+00
3.358720040499790782e-02
4.975614279485047337e-02
1.403094689857308230e+00
2.848852281913359263e+00
3.296389954919200171e+00
5.871810098963209157e+00
1.042409799211981536e+01
1.465990093470022515e+01
1.791182510850471488e+01
2.343113481332990489e+01
2.787753900771581073e+01
3.121090651504222890e+01
0.000000000000000000e+00
0.000000000000000000e+00
0.000000000000000000e+00
7.612834748406167584e-01
2.869032048296797921e-01
1.093604276579912271e-01
4.849558372900916181e-01
1.415239384399569644e+00
2.067180405003702148e+00
6.064421657337453198e+00
8.602945848526605488e+00
1.240454122462380049e+01
1.908226048562266897e+01
2.416338609064120391e+01
2.597661636223083903e+01
3.049501577872607072e+01
3.078302854618644346e+01
0.000000000000000000e+00
0.000000000000000000e+00
0.000000000000000000e+00
0.000000000000000000e+00
5.813588519583223757e-01
0.000000000000000000e+00
2.312407888157780089e+00
1.476782853575471677e+00
3.288805071953552872e+00
3.511552806592942222e+00
5.848403435399213812e+00
6.209626417587171154e+00
1.279471742187912042e+01
1.850313950406730257e+01
2.116804973728241634e+01
2.574176146299117107e+01
3.081609093218669315e+01
2.865233671883331468e+01
0.000000000000000000e+00
0.000000000000000000e+00
0.000000000000000000e+00
0.000000000000000000e+00
0.000000000000000000e+00
0.000000000000000000e+00
1.086964037151834983e+00
6.955562344984531631e-01
1.947618708096265472e+00
3.893403647203303564e+00
7.342737836977413224e+00
7.541086363240252943e+00
8.923211671688118685e+00
1.722112604488636833e+01
1.635624825446491570e+01
2.246428703364363599e+01
2.148883147436989205e+01
1.896198367914559313e+01
1.645718973419238651e+01
0.000000000000000000e+00
0.000000000000000000e+00
0.000000000000000000e+00
0.000000000000000000e+00
0.000000000000000000e+00
0.000000000000000000e+00
0.000000000000000000e+00
9.788635392837102822e-02
9.790146527909948659e-02
8.172764007388013674e-01
6.554527628555494090e+00
4.320523290593846433e+00
3.864624462457897369e+00
1.070993476036022329e+01
1.224740105411721203e+01
1.324627493400140921e+01
1.680478019808217027e+01
1.567424531605868232e+01
1.323066287981722944e+01
9.623643985005690737e+00
0.000000000000000000e+00
0.000000000000000000e+00
0.000000000000000000e+00
0.000000000000000000e+00
0.000000000000000000e+00
0.000000000000000000e+00
0.000000000000000000e+00
0.000000000000000000e+00
1.957761618161123485e-01
0.000000000000000000e+00
6.398603985586499565e-01
2.180327378604455024e+00
4.941949046767195042e-01
7.593053139028334897e+00
4.364099993077202200e+00
6.216476979684978588e+00
8.285775493314204709e+00
9.365707517258362813e+00
8.835668028486285408e+00
9.407327206959193333e+00
4.440882360834172538e+00
0.000000000000000000e+00
0.000000000000000000e+00
0.000000000000000000e+00
0.000000000000000000e+00
0.000000000000000000e+00
0.000000000000000000e+00
0.000000000000000000e+00
0.000000000000000000e+00
1.958048694917706167e-01
0.000000000000000000e+00
3.915856845775746997e-01
4.895413354402969874e-01
1.999977298789281654e+00
1.237821998584003325e+01
5.975253542600491130e+00
1.915878879099165433e+00
4.071976565550110116e+00
5.331755700951673838e+00
5.550206435824013518e+00
3.412994809517519990e+00
1.471931407929671476e+00
7.741196639780594246e-01
0.000000000000000000e+00
0.000000000000000000e+00
0.000000000000000000e+00
0.000000000000000000e+00
0.000000000000000000e+00
0.000000000000000000e+00
0.000000000000000000e+00
0.000000000000000000e+00
0.000000000000000000e+00
0.000000000000000000e+00
0.000000000000000000e+00
0.000000000000000000e+00
0.000000000000000000e+00
0.000000000000000000e+00
0.000000000000000000e+00
0.000000000000000000e+00
0.000000000000000000e+00
0.000000000000000000e+00
0.000000000000000000e+00
0.000000000000000000e+00
0.000000000000000000e+00
0.000000000000000000e+00
0.000000000000000000e+00
0.000000000000000000e+00
0.000000000000000000e+00
0.000000000000000000e+00
1.199826927056129103e-03
3.765659987979518702e-03
0.000000000000000000e+00
0.000000000000000000e+00
0.000000000000000000e+00
0.000000000000000000e+00
0.000000000000000000e+00
1.809051687688121614e-03
4.584570438563361459e-03
1.439763085178730369e-02
0.000000000000000000e+00
0.000000000000000000e+00
0.000000000000000000e+00
0.000000000000000000e+00
0.000000000000000000e+00
6.224325425893742318e-03
1.022526003343521978e-02
5.456946101631734991e-02
1.996316330312724874e-01
0.000000000000000000e+00
0.000000000000000000e+00
0.000000000000000000e+00
0.000000000000000000e+00
3.158598344515223082e-03
1.098234926176074391e-02
2.485462670787251874e-02
8.023016908503641242e-02
1.949482589564930091e-01
4.501824848103897492e-01
0.000000000000000000e+00
0.000000000000000000e+00
0.000000000000000000e+00
0.000000000000000000e+00
4.280080121374487193e-03
1.660358630608049779e-02
1.516061250232274282e-01
1.643805457931515057e-01
4.350193323212935281e-01
8.565521384154844986e-01
1.411492570066336993e+00
0.000000000000000000e+00
0.000000000000000000e+00
0.000000000000000000e+00
0.000000000000000000e+00
2.146039188215911799e-03
3.228785636892268079e-02
1.319444492632887711e-01
2.956393088189511742e-01
5.347017187744965705e-01
1.376823046425948105e+00
2.132640559040750894e+00
3.162321353625908049e+00
0.000000000000000000e+00
0.000000000000000000e+00
0.000000000000000000e+00
0.000000000000000000e+00
2.634484220121121115e-02
4.150337495951499957e-03
1.188597107657499152e-01
3.135973293108606508e-01
8.208707051757078155e-01
1.484921224169961196e+00
2.834690918169600504e+00
4.654351692615759539e+00
6.306977459227580241e+00
0.000000000000000000e+00
0.000000000000000000e+00
0.000000000000000000e+00
0.000000000000000000e+00
6.709734856279222504e-01
1.085626004119528420e-01
7.400878782294295632e-02
4.839588557961654325e-01
7.198462759936654631e-01
1.992532445153446297e+00
3.575840403278990998e+00
5.002855548648968309e+00
7.132018548185778073e+00
8.974539639045215011e+00
0.000000000000000000e+00
0.000000000000000000e+00
0.000000000000000000e+00
0.000000000000000000e+00
5.218103826026637693e-01
3.676948236160934580e-01
1.792909313600321020e-01
9.885648844228616117e-01
8.736332052119530900e-01
2.222721675913263972e+00
3.480617982991312864e+00
5.726755744889924671e+00
8.398415059916187531e+00
9.611052935100799388e+00
1.117575004709203945e+01
0.000000000000000000e+00
0.000000000000000000e+00
0.000000000000000000e+00
0.000000000000000000e+00
0.000000000000000000e+00
2.042463318662040561e-01
1.022840967654962824e-01
3.103897652124253392e-01
1.007944373009328487e+00
1.703212318857531216e+00
3.448806260176114691e+00
5.537607901543553979e+00
7.526404639780363226e+00
9.346622165237445046e+00
1.179862493467291706e+01
1.132672343296489537e+01
0.000000000000000000e+00
0.000000000000000000e+00
0.000000000000000000e+00
0.000000000000000000e+00
0.000000000000000000e+00
0.000000000000000000e+00
2.297178555824378465e-01
1.048324676532768063e+00
7.669362250440707740e-01
1.350666266164952889e+00
2.875628028169477712e+00
4.712352071037349432e+00
5.760813961888586299e+00
1.029355464583156099e+01
1.227505316514760736e+01
1.263540855762169457e+01
1.143762189323304845e+01
0.000000000000000000e+00
0.000000000000000000e+00
0.000000000000000000e+00
0.000000000000000000e+00
0.000000000000000000e+00
0.000000000000000000e+00
0.000000000000000000e+00
4.186075280968145074e-01
6.851454801647842707e-01
3.613904565920013079e-01
1.462904166325946109e+00
3.415322691184714543e+00
4.751533740898727487e+00
6.231866303929096240e+00
8.631197792780355371e+00
9.946941288333459141e+00
1.030782095224343564e+01
1.048592205460003157e+01
0.000000000000000000e+00
0.000000000000000000e+00
0.000000000000000000e+00
0.000000000000000000e+00
0.000000000000000000e+00
0.000000000000000000e+00
0.000000000000000000e+00
1.297956032728656284e-01
9.777516769792461704e-02
1.503681178401972962e-01
1.655978218835739479e+00
6.227801551835988603e-01
2.476834075659386958e+00
5.528995757465595240e+00
5.008220289473646503e+00
7.200455083045409488e+00
8.256020515818688565e+00
6.330956200950720536e+00
5.100232989755030921e+00
0.000000000000000000e+00
0.000000000000000000e+00
0.000000000000000000e+00
0.000000000000000000e+00
0.000000000000000000e+00
0.000000000000000000e+00
9.777797347626231150e-02
9.783330785299987342e-02
1.068167470867646546e-01
2.924904055746898601e-01
0.000000000000000000e+00
4.580421717015649152e-01
2.824416111581293798e+00
4.488579582862243456e+00
3.078560499399318307e+00
3.757209021425903295e+00
4.214437527225171287e+00
3.380198452572717560e+00
3.457001113396856340e+00
2.110711555428342656e+00
0.000000000000000000e+00
0.000000000000000000e+00
0.000000000000000000e+00
0.000000000000000000e+00
0.000000000000000000e+00
0.000000000000000000e+00
0.000000000000000000e+00
0.000000000000000000e+00
9.783959749768969538e-02
9.781105429710468258e-02
1.956234951186140159e-01
2.791900120640064209e+00
9.782687609270160345e-02
1.098709233349135284e+00
6.087634994798635013e+00
2.314359551561704809e+00
2.330667399271145523e+00
2.520842724628693965e+00
1.098299021146327492e+00
1.759239110316784371e+00
1.838741517123330393e-01
0.000000000000000000e+00
0.000000000000000000e+00
0.000000000000000000e+00
0.000000000000000000e+00
0.000000000000000000e+00
0.000000000000000000e+00
0.000000000000000000e+00
0.000000000000000000e+00
0.000000000000000000e+00
0.000000000000000000e+00
4.097601382403977865e+00
2.957124135740047066e+00
9.780144660351827723e-02
4.226105713570330602e-01
1.675957303252496144e+00
3.651964572464131198e+00
4.795175275617313271e-01
7.847315023756814556e-01
1.013074017097077562e+00
2.007088024146131897e-02
3.953864842113638534e-02
0.000000000000000000e+00
0.000000000000000000e+00
0.000000000000000000e+00
0.000000000000000000e+00
0.000000000000000000e+00
0.000000000000000000e+00
0.000000000000000000e+00
0.000000000000000000e+00
0.000000000000000000e+00
0.000000000000000000e+00
0.000000000000000000e+00
0.000000000000000000e+00
0.000000000000000000e+00
0.000000000000000000e+00
0.000000000000000000e+00
0.000000000000000000e+00
0.000000000000000000e+00
0.000000000000000000e+00
0.000000000000000000e+00
0.000000000000000000e+00
0.000000000000000000e+00
0.000000000000000000e+00
0.000000000000000000e+00
0.000000000000000000e+00
0.000000000000000000e+00
0.000000000000000000e+00
0.000000000000000000e+00
0.000000000000000000e+00
0.000000000000000000e+00
0.000000000000000000e+00
0.000000000000000000e+00
0.000000000000000000e+00
0.000000000000000000e+00
0.000000000000000000e+00
0.000000000000000000e+00
6.746676747552646800e-04
2.275237347003499985e-03
0.000000000000000000e+00
0.000000000000000000e+00
0.000000000000000000e+00
0.000000000000000000e+00
0.000000000000000000e+00
0.000000000000000000e+00
0.000000000000000000e+00
4.432602741372216985e-03
3.412718306963691273e-02
0.000000000000000000e+00
0.000000000000000000e+00
0.000000000000000000e+00
0.000000000000000000e+00
0.000000000000000000e+00
3.140938881020430458e-03
5.034796382594597733e-03
1.930193620622566719e-02
5.496773760966965766e-02
1.406356351741475663e-01
0.000000000000000000e+00
0.000000000000000000e+00
0.000000000000000000e+00
0.000000000000000000e+00
0.000000000000000000e+00
0.000000000000000000e+00
1.140844351565638813e-02
2.883287711363881692e-02
1.405231326350306342e-01
1.498413174387080160e-01
4.136918313632472755e-01
0.000000000000000000e+00
0.000000000000000000e+00
0.000000000000000000e+00
0.000000000000000000e+00
0.000000000000000000e+00
0.000000000000000000e+00
2.982437815028338157e-02
6.586904302743881723e-02
2.369015280740099094e-01
3.180252507485484270e-01
5.993909338866071357e-01
9.969080804507725047e-01
0.000000000000000000e+00
0.000000000000000000e+00
0.000000000000000000e+00
0.000000000000000000e+00
0.000000000000000000e+00
0.000000000000000000e+00
1.174752893765072456e-02
6.175002785873535960e-02
1.893003571972146359e-01
4.972349456654292510e-01
8.898863308210619438e-01
1.402922954026920133e+00
2.072929685581156534e+00
0.000000000000000000e+00
0.000000000000000000e+00
0.000000000000000000e+00
0.000000000000000000e+00
0.000000000000000000e+00
0.000000000000000000e+00
2.254168439608370336e-02
5.697064088223544043e-02
2.845215351706457674e-01
4.259595336437871915e-01
1.027047964784287171e+00
1.793210026743899066e+00
2.598329510215440230e+00
2.916714083775702626e+00
0.000000000000000000e+00
0.000000000000000000e+00
0.000000000000000000e+00
0.000000000000000000e+00
0.000000000000000000e+00
2.736944080884589625e-01
4.434290412779877399e-02
1.472795554535664131e-01
2.939916059905395840e-01
3.588316195399907094e-01
1.022681562542305800e+00
1.864892188105484738e+00
2.631847423030225119e+00
3.500909983942283255e+00
4.167735929896962510e+00
0.000000000000000000e+00
0.000000000000000000e+00
0.000000000000000000e+00
0.000000000000000000e+00
9.316728705404523359e-01
0.000000000000000000e+00
0.000000000000000000e+00
1.330373927216896845e-01
3.524528681683276043e-01
5.592110081364701779e-01
8.459989418310833731e-01
1.443582738803613541e+00
2.483326743160581440e+00
3.386532615757673170e+00
4.357049883682152291e+00
4.576875718638251378e+00
0.000000000000000000e+00
0.000000000000000000e+00
0.000000000000000000e+00
0.000000000000000000e+00
0.000000000000000000e+00
0.000000000000000000e+00
4.396469851997026890e-01
0.000000000000000000e+00
6.552326579388779992e-02
6.285511495239410884e-01
3.244179665682977998e-01
1.412551397612862081e+00
2.069806015062477300e+00
2.649709572731824281e+00
3.824474455765178416e+00
4.612139719091754131e+00
4.426379754687912893e+00
0.000000000000000000e+00
0.000000000000000000e+00
0.000000000000000000e+00
0.000000000000000000e+00
0.000000000000000000e+00
0.000000000000000000e+00
0.000000000000000000e+00
6.767679732293830908e-01
5.632733681054571395e-01
7.822248419036784139e-02
2.496899717691970222e-01
7.021407677867890218e-01
1.597152462339493262e+00
1.819686483939705779e+00
3.438938440895994209e+00
3.264805824072049223e+00
2.899357961366870295e+00
2.452873287533020807e+00
0.000000000000000000e+00
0.000000000000000000e+00
0.000000000000000000e+00
0.000000000000000000e+00
0.000000000000000000e+00
0.000000000000000000e+00
9.775325250529857957e-02
0.000000000000000000e+00
2.882051962964290670e+00
8.900195435871148808e-01
1.795691924314188892e-01
1.138711532493370537e+00
8.468104626600222451e-01
1.285511796721643618e+00
2.369737993270644161e+00
2.644924296380430917e+00
1.926240458743017081e+00
1.933826650769606692e+00
1.230468357843386151e+00
0.000000000000000000e+00
0.000000000000000000e+00
0.000000000000000000e+00
0.000000000000000000e+00
0.000000000000000000e+00
0.000000000000000000e+00
0.000000000000000000e+00
0.000000000000000000e+00
0.000000000000000000e+00
0.000000000000000000e+00
0.000000000000000000e+00
4.658366533380854935e-01
1.146505164743932603e+00
6.218639051715832977e-01
1.228874983726499615e+00
1.144668867426176018e+00
8.346727469286546741e-01
1.063138737990493077e+00
6.572409340354138374e-01
3.303354321321179121e-01
0.000000000000000000e+00
0.000000000000000000e+00
0.000000000000000000e+00
0.000000000000000000e+00
0.000000000000000000e+00
0.000000000000000000e+00
0.000000000000000000e+00
0.000000000000000000e+00
0.000000000000000000e+00
0.000000000000000000e+00
0.000000000000000000e+00
0.000000000000000000e+00
8.019401118692514041e-01
5.991396943289197807e-01
1.146700927104098211e+00
2.017234637593402491e-01
3.641278843486377426e-01
3.125448088194640039e-01
3.779044081039244496e-01
0.000000000000000000e+00
0.000000000000000000e+00
0.000000000000000000e+00
0.000000000000000000e+00
0.000000000000000000e+00
0.000000000000000000e+00
0.000000000000000000e+00
0.000000000000000000e+00
0.000000000000000000e+00
0.000000000000000000e+00
0.000000000000000000e+00
0.000000000000000000e+00
0.000000000000000000e+00
0.000000000000000000e+00
9.773269039731609376e-02
0.000000000000000000e+00
0.000000000000000000e+00
0.000000000000000000e+00
1.047070879704971924e+00
1.479098729865473860e+00
1.353720143965246869e-01
0.000000000000000000e+00
0.000000000000000000e+00
0.000000000000000000e+00
0.000000000000000000e+00
0.000000000000000000e+00
0.000000000000000000e+00
0.000000000000000000e+00
0.000000000000000000e+00
0.000000000000000000e+00
0.000000000000000000e+00
0.000000000000000000e+00
0.000000000000000000e+00
0.000000000000000000e+00
0.000000000000000000e+00
0.000000000000000000e+00
0.000000000000000000e+00
0.000000000000000000e+00
0.000000000000000000e+00
0.000000000000000000e+00
0.000000000000000000e+00
0.000000000000000000e+00
0.000000000000000000e+00
0.000000000000000000e+00
0.000000000000000000e+00
0.000000000000000000e+00
0.000000000000000000e+00
0.000000000000000000e+00
0.000000000000000000e+00
0.000000000000000000e+00
0.000000000000000000e+00
0.000000000000000000e+00
0.000000000000000000e+00
0.000000000000000000e+00
0.000000000000000000e+00
0.000000000000000000e+00
0.000000000000000000e+00
0.000000000000000000e+00
0.000000000000000000e+00
0.000000000000000000e+00
0.000000000000000000e+00
0.000000000000000000e+00
0.000000000000000000e+00
0.000000000000000000e+00
0.000000000000000000e+00
0.000000000000000000e+00
5.664199644329788712e-04
0.000000000000000000e+00
2.749643246356482489e-03
0.000000000000000000e+00
0.000000000000000000e+00
0.000000000000000000e+00
0.000000000000000000e+00
0.000000000000000000e+00
0.000000000000000000e+00
0.000000000000000000e+00
3.658217402150151353e-03
8.513673065607576043e-03
1.852835245144804008e-02
0.000000000000000000e+00
0.000000000000000000e+00
0.000000000000000000e+00
0.000000000000000000e+00
0.000000000000000000e+00
0.000000000000000000e+00
0.000000000000000000e+00
1.585760082233416335e-03
4.715923362887542401e-03
2.406936347796855349e-02
6.378637179846444183e-02
0.000000000000000000e+00
0.000000000000000000e+00
0.000000000000000000e+00
0.000000000000000000e+00
0.000000000000000000e+00
0.000000000000000000e+00
0.000000000000000000e+00
3.516574716226135867e-03
3.502033385888521366e-02
4.653080555870493795e-02
1.269376058962616294e-01
1.939218701770309417e-01
0.000000000000000000e+00
0.000000000000000000e+00
0.000000000000000000e+00
0.000000000000000000e+00
0.000000000000000000e+00
0.000000000000000000e+00
8.026935364260280592e-03
1.018640382881055330e-02
2.670285390304806203e-02
5.809099926550252702e-02
1.437924927878619363e-01
3.430909820322113335e-01
4.075887700209337439e-01
0.000000000000000000e+00
0.000000000000000000e+00
0.000000000000000000e+00
0.000000000000000000e+00
0.000000000000000000e+00
0.000000000000000000e+00
0.000000000000000000e+00
4.983048557030787286e-03
3.372229506376325098e-02
9.525827074012553630e-02
2.057728730836119457e-01
3.691337712379719749e-01
5.321949690770984009e-01
6.108093541753999434e-01
0.000000000000000000e+00
0.000000000000000000e+00
0.000000000000000000e+00
0.000000000000000000e+00
0.000000000000000000e+00
0.000000000000000000e+00
0.000000000000000000e+00
8.875140019744017297e-03
4.231460863438302883e-02
1.278799242544419179e-01
1.372942731492022839e-01
3.527336188707590470e-01
5.641967168560084733e-01
7.678853508962754093e-01
9.206904941525770880e-01
0.000000000000000000e+00
0.000000000000000000e+00
0.000000000000000000e+00
0.000000000000000000e+00
0.000000000000000000e+00
0.000000000000000000e+00
5.115247065774154445e-01
1.398516913211320933e-01
5.129595952755397481e-02
3.781270304174002422e-02
2.668224161966738506e-01
3.100797123191660898e-01
5.579034241383958870e-01
7.711574516970967075e-01
8.210798956700108286e-01
8.322215603337609346e-01
0.000000000000000000e+00
0.000000000000000000e+00
0.000000000000000000e+00
0.000000000000000000e+00
0.000000000000000000e+00
0.000000000000000000e+00
0.000000000000000000e+00
0.000000000000000000e+00
9.104720059246941555e-02
6.752219241453936982e-02
1.912392788727613480e-01
1.920422767455396418e-01
5.320056366286913807e-01
5.730125773600046601e-01
8.343304272837116509e-01
7.259347829525937268e-01
6.890087743296187117e-01
0.000000000000000000e+00
0.000000000000000000e+00
0.000000000000000000e+00
0.000000000000000000e+00
0.000000000000000000e+00
0.000000000000000000e+00
0.000000000000000000e+00
0.000000000000000000e+00
4.956361117939793448e-02
2.099350600628685504e-01
1.903567791926401853e-01
2.283578329859193776e-02
3.959037751391823456e-01
4.119432473530923455e-01
4.614535570254402752e-01
4.947420034105877718e-01
5.265720777630472638e-01
2.321969374658524321e-01
0.000000000000000000e+00
0.000000000000000000e+00
0.000000000000000000e+00
0.000000000000000000e+00
0.000000000000000000e+00
0.000000000000000000e+00
0.000000000000000000e+00
0.000000000000000000e+00
2.731193427847842248e-01
0.000000000000000000e+00
0.000000000000000000e+00
6.059489077157834136e-02
5.528613884864134326e-02
1.211564998121691106e-01
1.956152217526875917e-02
1.918971352255453289e-01
3.026969951985403195e-01
1.044436764378449539e-01
9.662460883982519622e-02
0.000000000000000000e+00
0.000000000000000000e+00
0.000000000000000000e+00
0.000000000000000000e+00
0.000000000000000000e+00
0.000000000000000000e+00
0.000000000000000000e+00
0.000000000000000000e+00
0.000000000000000000e+00
0.000000000000000000e+00
4.883345780637653871e-02
0.000000000000000000e+00
0.000000000000000000e+00
2.091708002460687943e-01
1.325278734348045717e-01
1.264379503291198081e-01
1.247392111724506154e-02
5.909156898549484255e-02
5.474086135689334304e-02
0.000000000000000000e+00
0.000000000000000000e+00
0.000000000000000000e+00
0.000000000000000000e+00
0.000000000000000000e+00
0.000000000000000000e+00
0.000000000000000000e+00
0.000000000000000000e+00
0.000000000000000000e+00
0.000000000000000000e+00
0.000000000000000000e+00
0.000000000000000000e+00
0.000000000000000000e+00
0.000000000000000000e+00
0.000000000000000000e+00
1.014364156269551148e-01
0.000000000000000000e+00
0.000000000000000000e+00
1.207565979792831617e-01
0.000000000000000000e+00
0.000000000000000000e+00
0.000000000000000000e+00
0.000000000000000000e+00
0.000000000000000000e+00
0.000000000000000000e+00
0.000000000000000000e+00
0.000000000000000000e+00
0.000000000000000000e+00
0.000000000000000000e+00
0.000000000000000000e+00
0.000000000000000000e+00
0.000000000000000000e+00
0.000000000000000000e+00
0.000000000000000000e+00
0.000000000000000000e+00
0.000000000000000000e+00
0.000000000000000000e+00
0.000000000000000000e+00
0.000000000000000000e+00
0.000000000000000000e+00
0.000000000000000000e+00
0.000000000000000000e+00
0.000000000000000000e+00
0.000000000000000000e+00
