3.763518204090134859e-04
1.120458432668925385e-03
5.508787366895893023e-04
1.395018997574601089e-03
2.045616480607509620e-03
0.000000000000000000e+00
4.253841414904407231e-03
2.024917257855375716e-03
5.631667651971092488e-03
0.000000000000000000e+00
0.000000000000000000e+00
1.391717750705946189e-03
8.816361845234346045e-03
9.948081634475162624e-03
2.542376305855696076e-03
0.000000000000000000e+00
0.000000000000000000e+00
1.199045485122290228e-02
1.263007045992132864e-02
5.422911371559057704e-03
9.694911620493488688e-03
0.000000000000000000e+00
0.000000000000000000e+00
0.000000000000000000e+00
0.000000000000000000e+00
0.000000000000000000e+00
8.920504751643335353e-03
2.563951219480246121e-03
0.000000000000000000e+00
0.000000000000000000e+00
3.542113997928417364e-03
5.824040365835061843e-03
9.877136159095009638e-03
6.822640723778075275e-03
8.210583042937629611e-03
6.167583770273765698e-03
0.000000000000000000e+00
5.418620385265427927e-03
4.484333591113780389e-03
0.000000000000000000e+00
2.736368477592100723e-02
1.334504533890628350e-03
4.167077607032734776e-02
1.795090496647249595e-02
1.446827709256722459e-02
1.868400344442600752e-02
0.000000000000000000e+00
1.345148878404010470e-02
0.000000000000000000e+00
1.126090235459765998e-02
1.789640606044299101e-02
1.278935617915714917e-02
2.422824905046734242e-02
4.228575564061923253e-02
2.931831998334691325e-02
0.000000000000000000e+00
7.070692004529861852e-02
2.079698037743091255e-02
5.814677721984578759e-03
2.000483786090084468e-02
3.760000195980691198e-03
5.259846055653345093e-02
6.284402104989564482e-03
4.289984699974359883e-02
2.670636900323664076e-02
3.401277253824362690e-02
0.000000000000000000e+00
0.000000000000000000e+00
0.000000000000000000e+00
8.553696327407222600e-04
1.888051039864181019e-02
1.428432403113329315e-02
6.458022664017661063e-02
1.619741246610962790e-02
5.760125229821611709e-02
8.673061338772132534e-02
1.212363313135029902e-01
4.588754564697909710e-02
0.000000000000000000e+00
0.000000000000000000e+00
0.000000000000000000e+00
1.062471868576320838e-02
8.909176768963038631e-03
3.473903108133199330e-02
7.071443369326384232e-02
1.989459290418384499e-02
3.137541448416073658e-02
6.565749386583606684e-02
9.414444973384950011e-02
9.359299234554620261e-02
6.253874826907034057e-02
1.627568697786801466e-01
0.000000000000000000e+00
8.558778484118576349e-03
0.000000000000000000e+00
0.000000000000000000e+00
1.843405567747177180e-03
7.233280962668693637e-02
6.501550292505594653e-04
1.883813434279254725e-02
2.282318782647700106e-01
2.442183006446735014e-02
1.593089713612901026e-01
2.807374188996379916e-01
8.064736326880517225e-02
0.000000000000000000e+00
0.000000000000000000e+00
0.000000000000000000e+00
0.000000000000000000e+00
0.000000000000000000e+00
0.000000000000000000e+00
0.000000000000000000e+00
8.361715519438246702e-02
1.139359673919199817e-01
1.546433382284571195e-02
1.976743523390368240e-01
1.973117528488929351e-01
2.267919550425897546e-01
3.551528546952994470e-01
1.427879962634164279e-01
0.000000000000000000e+00
0.000000000000000000e+00
0.000000000000000000e+00
0.000000000000000000e+00
0.000000000000000000e+00
0.000000000000000000e+00
1.329527287726001150e-01
3.774152910568200764e-02
4.124868125944404496e-02
1.747870528236632193e-01
2.633128077666423844e-02
2.804354965969919067e-01
2.365782736285116372e-01
1.669905337810544399e-01
2.675469202921699208e-01
1.030930487532051437e-01
0.000000000000000000e+00
0.000000000000000000e+00
0.000000000000000000e+00
0.000000000000000000e+00
0.000000000000000000e+00
5.169753129563220417e-02
0.000000000000000000e+00
0.000000000000000000e+00
0.000000000000000000e+00
1.700780378529299641e-01
0.000000000000000000e+00
4.996064962061674136e-02
0.000000000000000000e+00
1.924877608624200320e-01
9.338205971758707369e-01
3.893321918964959272e-01
1.094978613948232454e-01
0.000000000000000000e+00
0.000000000000000000e+00
0.000000000000000000e+00
0.000000000000000000e+00
0.000000000000000000e+00
2.412695086265577160e-01
0.000000000000000000e+00
6.017631692114474955e-03
0.000000000000000000e+00
1.173001478798453567e-02
1.767980021567349680e-01
3.289276808528475426e-02
1.198550292534111827e-01
2.138537258944139541e-01
0.000000000000000000e+00
3.422762536673162326e-01
5.756626772685795590e-01
2.151262951053226902e-01
0.000000000000000000e+00
0.000000000000000000e+00
0.000000000000000000e+00
0.000000000000000000e+00
0.000000000000000000e+00
0.000000000000000000e+00
0.000000000000000000e+00
6.750440251480630503e-03
0.000000000000000000e+00
0.000000000000000000e+00
0.000000000000000000e+00
0.000000000000000000e+00
6.748130215522630815e-01
2.274624180981265620e-01
3.119054368686252285e-02
4.252235253633177697e-02
1.883073062654954666e-01
7.387028609897869358e-02
0.000000000000000000e+00
0.000000000000000000e+00
0.000000000000000000e+00
0.000000000000000000e+00
0.000000000000000000e+00
0.000000000000000000e+00
0.000000000000000000e+00
0.000000000000000000e+00
0.000000000000000000e+00
0.000000000000000000e+00
9.186088697994716085e-03
0.000000000000000000e+00
6.121576116863050587e-03
0.000000000000000000e+00
3.430332179797978553e-01
1.730433064919579059e-02
3.411673773227995587e-01
4.397521974432806458e-01
0.000000000000000000e+00
0.000000000000000000e+00
1.555052230599980878e-01
0.000000000000000000e+00
0.000000000000000000e+00
0.000000000000000000e+00
0.000000000000000000e+00
0.000000000000000000e+00
0.000000000000000000e+00
5.700515275095957915e-03
0.000000000000000000e+00
0.000000000000000000e+00
0.000000000000000000e+00
0.000000000000000000e+00
0.000000000000000000e+00
0.000000000000000000e+00
0.000000000000000000e+00
0.000000000000000000e+00
5.269671486264595472e-01
4.979797289594097842e-01
2.213688998588749235e-01
0.000000000000000000e+00
3.502526970049343186e-02
0.000000000000000000e+00
0.000000000000000000e+00
0.000000000000000000e+00
0.000000000000000000e+00
0.000000000000000000e+00
0.000000000000000000e+00
0.000000000000000000e+00
0.000000000000000000e+00
0.000000000000000000e+00
0.000000000000000000e+00
0.000000000000000000e+00
0.000000000000000000e+00
0.000000000000000000e+00
0.000000000000000000e+00
0.000000000000000000e+00
0.000000000000000000e+00
0.000000000000000000e+00
0.000000000000000000e+00
0.000000000000000000e+00
0.000000000000000000e+00
0.000000000000000000e+00
0.000000000000000000e+00
0.000000000000000000e+00
8.673087412462230500e-04
4.119803700040233253e-03
1.704724537977946389e-03
1.661191326831055288e-03
6.124193874283709663e-03
4.476310864047234640e-03
3.079359158844945273e-03
5.808306904226618120e-03
7.521820999398070619e-03
6.906333460497902574e-03
3.254114578835741716e-03
3.385035296670893361e-03
4.968960105823686316e-03
5.578806061056166589e-03
8.967928333571595703e-03
2.583672231032823480e-03
6.041037603803532316e-03
4.086520145096310570e-03
1.029312865453126807e-02
1.266080682562830198e-02
6.316545148643225131e-03
0.000000000000000000e+00
5.380075059527835574e-03
1.226860512196314285e-02
1.668856766058655905e-02
1.726163642630095668e-02
2.127422783313076896e-02
1.768678231197506542e-02
1.118043573957943834e-02
6.357582302607012875e-03
8.926700586555537734e-03
1.491414521768863292e-02
2.953521364860837300e-02
2.912483776613002812e-02
4.547843475141173653e-02
2.363039051261008050e-02
8.546510794022944184e-04
2.844879232275210335e-02
4.786773770125049045e-03
1.689914515316814220e-02
2.955207113346379130e-02
3.090140109040494937e-02
4.511860603345633353e-02
5.946008215425536286e-02
4.736814060273752264e-02
0.000000000000000000e+00
9.740775104131512568e-03
1.683746482969302946e-02
1.226930369807509649e-02
5.560625054962126806e-02
2.666296592709117841e-02
6.239148034054714520e-02
7.769048058731950479e-02
1.079521298818410524e-01
7.329031712568394308e-02
0.000000000000000000e+00
7.704376915937487507e-04
6.896729369409401386e-03
1.530426945779368893e-02
2.076958577879780762e-02
2.390896955844822730e-02
4.816124734963134896e-02
5.563259113507061648e-02
1.359819456576649710e-01
1.347665085557244735e-01
7.511811116074690320e-02
9.322052580357450408e-03
0.000000000000000000e+00
1.715172048034254229e-02
1.591748617373651975e-02
1.986438731865787510e-02
2.357407838305320205e-02
6.134239245562793374e-02
1.066998347095948901e-01
1.283357062479656696e-01
1.575321179367626112e-01
1.863974465669252234e-01
1.127085431980771879e-01
7.828866950971090366e-03
0.000000000000000000e+00
1.135641919788041299e-02
2.175682641555995792e-02
3.208896017804437062e-02
6.326078663422959880e-02
6.967755275438830553e-02
7.091424142202015779e-02
1.390696746426949015e-01
1.591883312674897410e-01
1.968253556092217915e-01
3.876434581344413433e-01
1.812504711375852173e-01
1.113370936070403293e-02
5.119228574605305671e-02
0.000000000000000000e+00
2.725254045168874761e-02
2.406198864930387052e-02
7.090326069178469470e-02
7.053347004480531313e-02
9.060905571601002295e-02
1.225591538686301440e-01
2.067059469576821573e-01
2.640743437500221447e-01
3.071251493408035382e-01
4.789003870244255001e-01
3.047084362594231766e-01
0.000000000000000000e+00
0.000000000000000000e+00
0.000000000000000000e+00
0.000000000000000000e+00
3.364032005214246529e-02
7.726461359360150367e-04
1.022533433756832588e-01
3.330244865020133560e-02
7.282512851575992374e-02
2.148354786724443466e-01
1.959071785811635491e-01
3.636905688273854853e-01
4.032853855432519397e-01
4.517073642103608400e-01
3.381475149499179600e-01
0.000000000000000000e+00
0.000000000000000000e+00
0.000000000000000000e+00
0.000000000000000000e+00
0.000000000000000000e+00
4.791563275509821279e-02
2.027980314316906729e-01
6.011662940602294919e-02
1.007901075379817601e-01
1.729905713492833341e-01
1.661077225401483282e-01
3.087988932107551543e-01
3.606845479075226901e-01
6.039672064593902823e-01
6.199393994658736196e-01
3.755071375144459767e-01
0.000000000000000000e+00
0.000000000000000000e+00
1.810383134441116357e-02
0.000000000000000000e+00
4.572347807415146938e-03
0.000000000000000000e+00
5.133130707283355826e-02
1.470335887302208766e-01
8.144393005339671532e-02
1.023285209883950247e-01
2.805198005346464241e-01
4.336934662854188272e-01
3.520992437884098991e-01
4.972050311703053449e-01
5.543726974287684905e-01
5.714562289725054756e-01
4.421033020019671245e-01
0.000000000000000000e+00
0.000000000000000000e+00
0.000000000000000000e+00
0.000000000000000000e+00
3.075370996842701279e-03
5.152906470253018449e-03
5.902668905252574927e-01
6.360082218191538683e-02
2.981389611978918497e-02
1.747491775172887452e-01
1.293006334304134530e-01
1.377071880785517566e-01
2.012135710003438993e-01
4.213642467276417780e-01
4.157615527872204897e-01
5.551500252708185812e-01
4.358538087783755954e-01
3.584464969494679520e-01
0.000000000000000000e+00
0.000000000000000000e+00
0.000000000000000000e+00
0.000000000000000000e+00
0.000000000000000000e+00
0.000000000000000000e+00
0.000000000000000000e+00
1.041689550153985025e-02
2.056000119666851617e-02
2.488380386671588673e-01
9.532910855148651885e-02
1.075746899247971983e-01
1.984720966003092057e-01
1.820984914966382595e-01
2.632241968888123229e-01
3.855127956568114578e-01
3.254570962473546936e-01
3.633428208826048889e-01
1.506130101184641190e-01
0.000000000000000000e+00
0.000000000000000000e+00
0.000000000000000000e+00
0.000000000000000000e+00
0.000000000000000000e+00
0.000000000000000000e+00
4.684971689464289928e-03
0.000000000000000000e+00
6.163096964510474118e-02
9.215297424074763918e-03
6.919479826747763906e-02
1.204658787582426061e-01
1.150618890417703100e-01
1.064027233668293909e-01
1.631583651994260309e-01
1.144748322379088162e-01
1.152180262694997431e-01
4.476124440349151246e-01
3.709915774057659932e-01
8.837255975785285322e-02
0.000000000000000000e+00
0.000000000000000000e+00
0.000000000000000000e+00
0.000000000000000000e+00
0.000000000000000000e+00
0.000000000000000000e+00
3.340721348810954568e-03
0.000000000000000000e+00
0.000000000000000000e+00
5.934559363637154084e-03
1.498990959030904214e-02
6.841522466678393033e-02
3.683021159156528099e-03
7.937414459110807285e-02
7.080972517865872194e-03
6.416315121568538782e-01
1.898259759404881397e-01
6.041602526904913534e-02
2.718152462742877695e-01
9.350160235962938493e-02
1.167963041732340002e-01
0.000000000000000000e+00
0.000000000000000000e+00
0.000000000000000000e+00
0.000000000000000000e+00
0.000000000000000000e+00
0.000000000000000000e+00
6.634340407502763159e-02
0.000000000000000000e+00
0.000000000000000000e+00
2.359931000676408156e-03
0.000000000000000000e+00
4.832296081237148488e-01
0.000000000000000000e+00
0.000000000000000000e+00
2.756448126878915938e-01
9.280845782326675036e-03
2.765765561402675626e-02
2.869985728007254377e-01
1.062948902809054408e-01
6.677675322898218857e-02
3.179922904334203659e-02
7.156497431347932925e-02
5.130086945011424863e-04
1.926726303399556696e-03
1.536417015584139005e-03
2.719796388481100172e-03
2.459338936130917291e-03
2.401935342447789751e-03
3.294268210764099685e-03
2.418104235119364863e-03
3.951188790002560340e-03
1.487393688158411163e-03
2.678154788744294568e-03
3.787380600573587736e-03
2.592078502717256542e-03
4.745855282275114953e-03
3.091702150140349797e-03
6.298326301894198367e-04
2.690013160380406217e-03
3.867573001826732360e-03
5.598986615661839458e-03
8.400101683539521955e-03
4.808810916834218088e-03
2.089022439725622942e-03
7.000541516176727978e-03
5.269702191022891322e-03
5.619272994338844578e-03
1.166301778496809868e-02
1.240791720747763151e-02
6.685220123078241573e-03
1.296606727743316624e-03
4.211499706690585015e-03
4.240874457443747324e-03
1.125317164236205522e-02
1.634028372478010804e-02
1.820719114663593013e-02
2.170691818196340134e-02
1.163194667670906790e-02
2.917190450605238513e-04
4.894329893020508450e-03
2.368660336636864948e-03
9.872637334168174114e-03
1.774512778342321809e-02
2.066271601848543651e-02
2.880512071783150607e-02
3.382140637130024580e-02
2.173405396957629396e-02
3.648051661241445524e-03
1.168131179227940505e-02
6.142572129092374600e-03
2.541204449195621010e-02
2.426083769811054197e-02
1.670782658881591470e-02
3.039107331511690241e-02
3.256114581205540176e-02
4.896306577399914955e-02
3.938436213874722119e-02
4.035844948371028647e-03
0.000000000000000000e+00
1.268561122280142950e-02
3.006654085634836559e-03
1.283489829822360290e-02
2.047732055495819076e-02
2.868987969092327839e-02
5.167853205964025726e-02
5.768588777784113691e-02
6.569981145573261516e-02
4.265836631430694470e-02
6.538046414435956305e-04
8.978525802343441690e-04
5.329841771834008257e-03
1.920014218619923302e-02
1.530809968424217023e-02
1.484089144472414308e-02
3.901649495498162729e-02
5.764004012231287860e-02
6.824027557925464726e-02
8.633741712881869146e-02
1.348710668794247391e-01
7.256097877300461685e-02
1.078364822178856479e-02
1.691818760012476011e-03
6.395453159906111518e-03
7.516588201545094244e-03
1.220220857949460593e-02
2.387229584953690434e-02
3.183752768880648149e-02
5.130010050340651218e-02
4.540419866971431156e-02
9.820827773800064331e-02
1.483894177946853132e-01
1.753692678980467434e-01
1.109526748076244546e-01
4.503530478425916126e-04
0.000000000000000000e+00
2.483397070910860118e-03
6.337212724719446834e-03
1.267543387702103029e-02
3.175820146075829242e-02
3.654382516217184740e-02
6.103565667075042112e-02
8.085455723631368441e-02
9.038195464062687146e-02
1.454358880415475286e-01
2.093043222117131896e-01
2.188544911293113238e-01
1.337871198255558836e-01
0.000000000000000000e+00
0.000000000000000000e+00
2.785299993163849186e-02
1.243272295096355638e-02
3.649713273641573552e-03
2.430319189332192514e-02
4.295012011093048837e-02
4.321864924382379930e-02
4.205897573325830668e-02
1.160341839240794648e-01
1.289712335945556454e-01
1.915881622482751567e-01
2.890790948963017915e-01
2.985105157908699014e-01
1.550953338231814416e-01
0.000000000000000000e+00
0.000000000000000000e+00
1.976961232380481520e-02
3.345853115301045816e-02
4.113662225234616249e-03
3.299604805905496929e-02
4.063466494036970661e-02
3.683784145980996405e-02
1.002220364457860474e-01
9.201070653853268833e-02
1.428268629616304686e-01
2.309153724417905007e-01
2.321535050753287810e-01
2.846647870869976615e-01
3.094283953453377256e-01
2.026769852705461450e-01
0.000000000000000000e+00
0.000000000000000000e+00
0.000000000000000000e+00
7.176012677016358615e-03
0.000000000000000000e+00
3.406844425113721587e-03
5.229687028867014559e-02
7.590036688554321898e-02
1.397231156034735022e-01
7.749041214031038294e-02
1.216631795768992469e-01
2.126816788227697819e-01
1.772161448098732717e-01
2.869123924068555653e-01
3.019045690363270640e-01
3.212588942172331929e-01
1.782869645319793972e-01
0.000000000000000000e+00
0.000000000000000000e+00
0.000000000000000000e+00
1.250979332869854299e-01
0.000000000000000000e+00
2.553085953904260779e-03
6.290935955170438854e-02
2.035507675081655709e-03
3.565677297719297562e-02
4.920537940072983868e-02
1.248239853585319248e-01
1.161127325754188616e-01
1.865992077273430083e-01
2.838467342001305127e-01
2.510808107370479658e-01
2.556417926111488881e-01
3.361336452347854498e-01
1.794830346309083668e-01
0.000000000000000000e+00
0.000000000000000000e+00
0.000000000000000000e+00
0.000000000000000000e+00
0.000000000000000000e+00
3.815731571535785436e-03
7.326822345316122247e-03
1.860614605058827928e-03
6.177794636101460041e-03
8.778618060349868690e-02
7.065523010791481540e-02
1.755927825708584189e-01
1.872977587788253462e-01
6.484144962087122488e-02
1.865542167644149707e-01
1.814218504476408644e-01
2.417765136136864335e-01
1.654092921320053367e-01
8.239989259352840933e-02
0.000000000000000000e+00
0.000000000000000000e+00
0.000000000000000000e+00
0.000000000000000000e+00
0.000000000000000000e+00
2.110911066307965666e-03
0.000000000000000000e+00
0.000000000000000000e+00
2.602211004987405388e-02
5.940207759465223648e-03
1.390839088675254742e-01
8.788544448527048358e-02
4.325592819810952089e-02
1.007311731115172332e-01
1.956745300670720000e-01
1.452669785114392709e-01
1.593511194414347909e-01
1.173801738456957955e-01
1.387915893075640228e-01
3.308353065560769302e-02
0.000000000000000000e+00
0.000000000000000000e+00
0.000000000000000000e+00
0.000000000000000000e+00
0.000000000000000000e+00
1.853904811287558803e-03
0.000000000000000000e+00
5.146728213265340870e-03
0.000000000000000000e+00
7.067349911329898204e-02
2.143080287393463092e-03
1.936883034943313875e-01
9.084363174844534150e-02
1.743385568127260934e-02
1.392210137817053162e-01
1.141977354344276968e-01
1.208419629961074437e-01
8.572423266996423430e-02
7.368913086764369846e-02
1.169263960492574056e-01
2.197946354438017405e-02
0.000000000000000000e+00
0.000000000000000000e+00
0.000000000000000000e+00
0.000000000000000000e+00
0.000000000000000000e+00
0.000000000000000000e+00
1.663970303150066757e-03
0.000000000000000000e+00
0.000000000000000000e+00
0.000000000000000000e+00
1.323141581770367458e-03
8.076174512499487146e-02
8.022892196356266534e-03
0.000000000000000000e+00
7.006446418601394721e-02
1.450400292270101477e-01
0.000000000000000000e+00
1.061246202828915325e-01
9.034432171792947108e-02
1.703944312425786367e-01
4.740536612480387990e-02
0.000000000000000000e+00
8.210966209248764030e-04
1.681899843513714110e-03
1.062888871281113343e-03
2.079324303510141081e-03
2.080250930446226210e-03
1.833501207388903544e-03
2.115124090248584124e-03
3.443410591334336145e-03
2.965129604536299868e-03
2.363753009695293301e-03
2.458418394061637029e-03
2.248148313625901451e-03
4.008187009010493601e-03
6.126611251876056159e-03
3.816310163673047613e-03
6.646916357048031007e-03
3.629676874778061703e-03
5.768018643106821025e-03
7.198608666289575166e-03
8.604806928163660079e-03
6.832840841144599033e-03
2.993902669231534013e-03
6.969447321079246666e-03
9.807881936787624100e-03
6.823071394239994814e-03
1.149760452663471828e-02
1.275271640874531612e-02
8.695577977554365054e-03
1.945747556364902124e-03
3.914722214012222694e-03
2.036095110701563720e-03
1.042231804219538073e-02
1.698598959761028065e-02
1.426295336391270735e-02
2.093451919199674702e-02
1.479086966064824087e-02
3.802475063841600014e-03
8.164220136240196019e-03
3.518622944936255440e-03
1.179899053315213407e-02
1.240779062992947157e-02
2.002643899115039497e-02
2.593848799056897719e-02
3.339481172512971663e-02
2.289702661155029392e-02
5.247016270437314216e-04
4.280818853012994044e-03
8.034700944817641313e-03
1.026201221547933147e-02
1.150240165251896485e-02
2.404107891256449317e-02
3.567683395318596573e-02
4.294421783074189869e-02
5.255507040846662398e-02
3.078190760549319102e-02
7.016183494867367192e-03
7.536881781038995247e-03
6.892682156704178081e-03
2.420423330120987163e-02
1.624771636255349996e-02
2.913485118620157133e-02
3.240636776872843350e-02
5.517057877254921000e-02
6.443827926319695143e-02
8.938855270100246053e-02
5.287060563066050406e-02
5.762730350195708132e-03
2.066008086403896878e-03
3.720287366663908510e-03
1.583894590139500042e-02
1.430564086945682219e-02
3.231666652816862773e-02
4.196387506765099362e-02
4.887913998528169157e-02
7.800428292630534610e-02
9.915214044199602283e-02
1.349473905069263069e-01
8.797934474538331162e-02
0.000000000000000000e+00
6.928090881998512016e-03
4.297363899959324302e-03
8.652094301047767375e-03
1.520437783785841962e-02
4.031896685590339452e-02
2.977673984508571667e-02
5.100300111815389559e-02
9.234010188971625288e-02
1.061830369117969103e-01
1.433022483156295990e-01
1.900740198885444709e-01
1.213381766052145372e-01
0.000000000000000000e+00
3.046985928413316379e-04
7.944822868054668766e-03
1.328069598774392866e-02
4.393832065455336756e-03
2.692533622808626625e-02
4.365838483728238378e-02
4.419936360527343400e-02
8.635497057242769170e-02
1.067796952455230819e-01
1.569074557756537369e-01
1.983859739303286684e-01
2.517256307909783719e-01
1.505295671263282564e-01
2.933428757823762912e-04
0.000000000000000000e+00
3.862453538926464286e-03
1.762999155406929632e-03
2.381867064850336918e-02
3.352567202984192002e-02
4.442820302240880342e-02
4.300081907598886366e-02
7.412895475883954366e-02
1.233331104678653395e-01
1.883974057313201333e-01
1.950362019715870254e-01
2.755866146844834219e-01
3.228999365331170490e-01
1.636664580863244345e-01
0.000000000000000000e+00
0.000000000000000000e+00
4.487941930899775472e-02
2.279241067667762272e-02
7.422105201212722721e-03
1.966298247895009038e-02
3.816288985427677277e-02
6.855203653035510380e-02
9.036122926523937338e-02
1.209614199118229233e-01
1.529238833102052608e-01
2.195295290952582190e-01
2.665317982582803280e-01
3.251320856957216621e-01
4.036816728314730485e-01
1.931580524714484048e-01
0.000000000000000000e+00
0.000000000000000000e+00
0.000000000000000000e+00
0.000000000000000000e+00
0.000000000000000000e+00
2.216771092302808471e-02
1.540661392463845737e-02
4.682071415325385344e-02
7.013349631891262204e-02
5.119938983071400246e-02
1.472705266650763956e-01
1.958747881480557285e-01
2.901019903979034087e-01
3.466954795894791053e-01
3.557320751437491047e-01
3.646099569969598608e-01
1.979911588534238320e-01
0.000000000000000000e+00
0.000000000000000000e+00
0.000000000000000000e+00
0.000000000000000000e+00
1.399133024652582814e-03
2.821563914205775514e-02
6.837324733313007198e-03
1.338057277816754112e-02
2.502402573470761254e-02
3.380636187781378005e-02
8.832089504617265940e-02
1.018226440180487052e-01
1.316274303544566759e-01
2.598918559741466572e-01
2.893492622403096015e-01
3.365156655616340919e-01
3.301041371772251987e-01
1.520116461316322887e-01
0.000000000000000000e+00
0.000000000000000000e+00
0.000000000000000000e+00
0.000000000000000000e+00
0.000000000000000000e+00
1.468341150881067366e-03
8.858090952281166136e-03
2.345447463607215621e-03
8.061472602287008543e-03
1.253953947670086722e-01
1.431049233808097954e-01
1.126167066319915394e-01
1.555196050011274922e-01
1.417620176469047144e-01
2.214835993286777271e-01
2.402656735481706884e-01
2.704162682353046798e-01
2.337500766938988561e-01
1.350430745462574966e-01
0.000000000000000000e+00
0.000000000000000000e+00
0.000000000000000000e+00
0.000000000000000000e+00
9.592478595383576844e-04
1.470312803049103655e-03
1.335776422076172731e-03
7.959956218716921980e-03
3.453649785247190664e-03
4.357640509253688128e-03
6.458111780778787170e-02
2.946863480686192499e-02
1.343153429849602565e-01
1.177999386957639810e-01
1.662657522329560322e-01
1.811498096589638784e-01
1.666879100705183914e-01
2.173776133769609875e-01
1.985851757755594249e-01
7.731162292737911446e-02
0.000000000000000000e+00
0.000000000000000000e+00
0.000000000000000000e+00
0.000000000000000000e+00
0.000000000000000000e+00
0.000000000000000000e+00
0.000000000000000000e+00
1.362882079259184658e-03
1.546762205523474895e-03
5.816041073072555044e-03
2.328391123494648607e-01
7.308591876361190780e-03
2.215082912242486227e-02
1.548725541649847472e-02
1.391277594216847324e-01
1.327148399253167965e-01
2.054207606213834525e-01
1.137418347911732519e-01
1.126385477209174979e-01
1.336935899949913409e-01
6.790350901387477711e-02
0.000000000000000000e+00
0.000000000000000000e+00
0.000000000000000000e+00
0.000000000000000000e+00
0.000000000000000000e+00
0.000000000000000000e+00
1.243417131132240616e-03
1.471095423207136607e-03
2.821618046130275510e-03
3.254481789177641679e-03
1.380812833159483170e-03
1.313425278409484642e-01
6.301193349797314450e-03
6.151683521062718818e-03
8.519890704711699167e-03
9.256751982695532455e-02
6.464693014978252494e-02
9.368990981748055724e-02
1.250610947338783030e-01
7.848889960049953984e-02
7.840157308956242910e-02
3.734196272051556326e-02
8.711586073330307867e-04
1.855463928534954775e-03
9.731409691455920625e-04
2.009909589421502319e-03
2.537781470957800340e-03
1.558631563811133840e-03
2.649687886537385132e-03
3.540316783929485078e-03
3.835608835624804494e-03
1.940264274645741183e-03
2.001291250501734467e-03
3.738144364502524620e-03
5.460311594922208529e-03
5.875750438936687241e-03
4.499308645881495462e-03
2.472405944651859342e-03
3.568365869713050701e-03
6.245752888559340937e-03
7.260404033989365825e-03
9.229869688855189824e-03
6.022730179164992315e-03
3.548652902084953840e-03
5.606695712151231296e-03
6.676140868367195537e-03
8.466336193301516808e-03
9.592028596424616999e-03
1.438726286324465420e-02
8.499158139397501935e-03
1.418580214222392661e-03
4.518034831938490953e-03
6.512634083039140452e-03
8.230961812839651670e-03
1.397648514740933330e-02
1.727333179097022275e-02
2.411506944929178373e-02
1.398019890340218042e-02
1.849686063949949628e-03
5.884302168518681757e-03
9.989065770288954246e-03
1.161074722710643201e-02
1.526405223435902021e-02
2.148454634005056083e-02
2.552364950206200550e-02
3.682418990997857189e-02
2.183377928280549538e-02
4.427352701338205243e-03
7.988465171708489590e-03
1.595781374325165938e-02
1.156277692813799732e-02
1.813740853572858719e-02
2.641751885129358865e-02
3.054717886800884311e-02
4.734764254197982442e-02
5.998441767591559948e-02
3.340570426201427273e-02
2.025502008355051665e-03
4.746830608452123380e-03
6.348209330347413110e-03
2.030273786224251129e-02
1.678422749109564557e-02
3.122096892434035251e-02
4.257126199972433023e-02
5.369689645987925364e-02
7.056045346203541901e-02
9.254991451560344584e-02
5.775006750557683949e-02
5.102455448128537414e-03
6.014070714598848677e-03
5.546602951394882450e-03
2.155370869359437072e-02
2.127579818992255886e-02
2.351198171746560900e-02
4.626081915570050968e-02
5.249371072077025496e-02
8.464936343951320885e-02
1.109464488692480932e-01
1.322468790540660133e-01
9.093702426884241186e-02
6.999682104415502846e-04
8.976853393731764122e-03
1.201535380668312426e-02
2.048491430801677518e-02
2.992592491317731807e-02
3.356439442122358119e-02
3.493577568110308590e-02
6.322237107623283892e-02
8.525218439870958786e-02
1.185133266543334368e-01
1.589428526545710874e-01
2.093918126692337067e-01
1.215691281774371191e-01
1.582461486879589881e-03
1.643048291214632738e-03
1.079222185206161859e-02
7.307010545339030945e-03
2.206224831467647543e-02
3.611595006573541100e-02
5.063846641639717372e-02
7.908386554400290147e-02
9.749213487949789925e-02
1.308800501760225277e-01
1.684720885190180706e-01
2.191362628194593598e-01
2.811782421196779569e-01
1.555054725612278199e-01
0.000000000000000000e+00
5.695090240678752844e-03
1.974649984413080414e-02
3.697445455005701244e-03
2.130187136863682246e-02
2.543736823687206203e-02
3.739516606116569108e-02
4.683327267436830643e-02
9.691204327990225742e-02
1.245775345140938822e-01
1.985798798450513214e-01
2.505221246482983166e-01
2.892354919093601540e-01
3.466832720536644485e-01
1.995071626498925721e-01
0.000000000000000000e+00
3.041351026527597257e-02
0.000000000000000000e+00
0.000000000000000000e+00
4.573995007113262901e-02
1.989554191344040587e-02
1.903003255313450229e-02
5.171709885479257307e-02
8.110350828326078065e-02
1.433283491864350834e-01
1.856883645801986615e-01
2.067757977094444310e-01
2.973807109514272629e-01
3.315306877485192927e-01
4.018484564839837070e-01
2.107291832759770611e-01
0.000000000000000000e+00
1.177233514655795857e-02
4.872855470112546356e-02
1.339664648937691303e-03
7.993176058654511210e-03
1.621795267470346399e-02
2.344883185005808713e-04
8.138454361011798754e-02
6.335470011417612679e-02
1.536877425990470503e-01
1.419741462714259050e-01
2.063346278286393720e-01
2.647750149784151574e-01
3.188632193430268602e-01
3.905016677954299964e-01
4.337144920088643052e-01
2.140077596725608600e-01
0.000000000000000000e+00
0.000000000000000000e+00
0.000000000000000000e+00
0.000000000000000000e+00
6.285683244380214224e-03
3.570308074902562787e-03
3.152703769334630479e-02
4.330749451723012178e-02
7.198828383193051073e-02
1.222378272082191575e-01
1.001100626662697196e-01
1.496235768537238775e-01
2.260010864736531622e-01
2.574903982924463541e-01
3.103423664725907805e-01
3.495665796593959151e-01
3.655301724998546442e-01
1.881566551735202597e-01
0.000000000000000000e+00
0.000000000000000000e+00
0.000000000000000000e+00
0.000000000000000000e+00
2.234894689609157829e-03
5.168624962795641958e-03
3.506600834738745481e-02
5.255283375855569067e-02
3.461672230777110282e-02
8.351705625580109482e-02
1.188745595658464577e-01
9.735932819866796595e-02
1.656640345963256711e-01
2.427203035765469197e-01
2.604719504150580511e-01
2.626554073747089935e-01
3.114370108353478050e-01
2.643216503908227821e-01
1.085949872804199828e-01
0.000000000000000000e+00
0.000000000000000000e+00
0.000000000000000000e+00
0.000000000000000000e+00
0.000000000000000000e+00
1.852683376766059041e-03
1.141649833392599095e-01
1.401743806342570751e-02
8.949341374253705697e-03
9.410111771919273116e-02
2.948480840885506216e-02
1.119980270600065275e-01
1.167280704736994718e-01
1.121489503962587592e-01
2.314282949412131696e-01
1.492091566643682643e-01
1.543845257738696575e-01
2.811338222382989138e-01
1.909740748761944995e-01
7.983646514500572500e-02
0.000000000000000000e+00
0.000000000000000000e+00
0.000000000000000000e+00
0.000000000000000000e+00
0.000000000000000000e+00
1.523853490319683653e-03
6.221489313163700886e-03
1.262103424527586185e-02
9.957255833210452989e-02
4.270097585906981047e-02
1.321872464381245067e-02
1.082283830658266680e-02
5.119131839657584115e-02
2.783191123000760062e-02
1.262915458788268497e-01
9.239193064125231225e-02
1.522784775181096339e-01
1.692232378420004124e-01
1.487180604592085176e-01
1.360110182672677193e-01
6.071643914635093536e-02
0.000000000000000000e+00
0.000000000000000000e+00
0.000000000000000000e+00
0.000000000000000000e+00
8.546943694484592652e-04
1.859463504910832980e-03
0.000000000000000000e+00
6.908238564841425291e-04
1.154324243280686370e-02
3.074388077404440964e-02
4.457071471262924467e-03
2.280828803632532417e-02
6.390348724608982400e-02
1.477213950276179688e-01
2.935146075219602704e-02
7.702117966382417136e-02
1.533261795653254322e-01
9.483197110169612476e-02
1.058407620035230479e-01
1.126310793285898448e-01
9.117584384738648684e-02
2.688939327660726589e-02
4.754847015650811247e-04
9.411144951176965727e-04
8.268356062341664309e-04
1.070290693720046035e-03
1.151003243888717434e-03
6.258577452520737655e-04
9.258507569984973954e-04
1.983496925260145368e-03
2.171814363089227731e-03
1.278434640107579739e-03
1.127086470511163251e-03
1.844865305836080639e-03
2.888754883176803279e-03
2.982675104754689034e-03
2.432537823255257175e-03
2.185062786795056392e-03
2.470276579226808860e-03
3.012092972406922413e-03
3.533593939702341351e-03
4.594245302672051758e-03
2.897041696122217534e-03
1.754660818138158032e-03
2.096991778160047556e-03
4.046175685685667045e-03
4.144778176421616035e-03
5.727468459102451684e-03
7.299524323379747402e-03
4.421921781996850619e-03
2.213751357606073139e-03
3.389727007547656441e-03
3.108354812381158676e-03
5.928862983975689144e-03
5.748932279585486707e-03
1.021412961933601711e-02
1.319936377931044819e-02
7.940783841845681576e-03
2.013679521196025130e-03
2.536206731766950905e-03
4.539200407811595436e-03
7.009140138131851085e-03
8.017994570477162547e-03
1.088101912854494424e-02
1.381585642706149517e-02
1.863454583851009358e-02
1.273481353759179507e-02
1.757987315779083138e-03
2.659615468196039820e-03
3.755804249168202737e-03
5.423268123874856739e-03
8.445614121385837739e-03
1.113235190139255648e-02
2.009454877712768886e-02
2.368912436202558897e-02
3.163590255731180828e-02
1.887186163157709984e-02
1.153316393516493196e-03
4.151317474714540968e-03
3.494467426826651946e-03
4.855642165962224290e-03
9.549532981318767030e-03
1.265556034705101265e-02
2.636861629080706690e-02
2.726585943863989517e-02
3.551441483767692198e-02
4.440773132630063125e-02
3.211854499855356510e-02
1.685623651104837335e-04
5.352003043811702672e-03
5.459589794249151626e-03
8.850884197872516818e-03
9.220209854446497974e-03
1.558653435732933364e-02
2.286271300846911061e-02
3.538085244477656710e-02
4.818648003580387057e-02
6.520315974566814887e-02
7.282866755634301303e-02
4.968529883243974488e-02
9.580741809746736717e-04
0.000000000000000000e+00
3.211220121335289345e-03
7.548771749171367430e-03
1.143659621776153823e-02
2.134499700889420926e-02
3.369778763296351481e-02
3.203020860874438575e-02
4.467840409074251562e-02
7.298189532719633055e-02
9.151296517805686259e-02
1.093475498272767910e-01
5.972485994901980538e-02
0.000000000000000000e+00
1.769593100238138017e-04
4.333603813304672848e-03
1.084942727109271428e-02
9.573885155774760139e-03
2.401585901640014564e-02
1.658234017074843372e-02
3.813910449354075693e-02
4.367825050050939961e-02
6.794751719580256755e-02
8.681037172224410903e-02
1.215427550788534816e-01
1.515386280186939993e-01
8.839242133285553360e-02
0.000000000000000000e+00
0.000000000000000000e+00
1.945490888161798340e-02
1.744632034109522625e-02
1.148978553604786948e-03
1.380139903621086309e-02
1.800449063411391909e-02
3.182813893332604727e-02
4.850032396996935974e-02
6.663967673136168834e-02
9.008406478604334688e-02
1.310765979860154529e-01
1.487763582951799612e-01
1.836205666293646566e-01
1.018279017148000370e-01
2.383114904087910526e-04
3.021024846188870468e-03
0.000000000000000000e+00
5.684731289329517101e-03
3.651970762256847962e-03
2.289972557971385256e-02
2.354493569109703324e-02
4.489443560136394812e-02
3.490604863638899907e-02
5.868558060368114088e-02
6.327283663365043664e-02
1.273553662491704874e-01
1.541143682115646008e-01
1.955802559163635490e-01
2.014618773481747782e-01
1.177397073917696851e-01
0.000000000000000000e+00
0.000000000000000000e+00
0.000000000000000000e+00
3.605504735469689751e-03
1.837620796762470116e-02
2.012761116227111766e-03
1.853269518740231422e-02
2.697645323660788352e-02
2.232987607443535569e-02
7.213243409441420784e-02
9.952999090616364286e-02
1.239229691706574821e-01
1.264892886345456990e-01
1.827338646214585749e-01
1.968650997661000879e-01
2.259014767169970073e-01
1.083328267999883465e-01
0.000000000000000000e+00
0.000000000000000000e+00
0.000000000000000000e+00
8.341385548639133896e-03
3.973952353858277095e-03
2.523317287160440486e-02
6.431467453994377421e-03
4.863491603858613455e-02
2.137883668023742023e-02
4.579484748525012444e-02
9.077733068502662206e-02
1.351708954663364270e-01
1.041393279718394321e-01
1.376870713301295013e-01
1.570890347421623756e-01
1.851741652733627508e-01
2.063674331354124480e-01
1.015588494747195203e-01
0.000000000000000000e+00
0.000000000000000000e+00
0.000000000000000000e+00
0.000000000000000000e+00
1.891335067974432137e-03
1.497802034969958904e-03
1.163512264011656513e-02
2.194570051309845810e-02
2.603568059457301784e-02
3.819286114992836989e-02
3.613402916666010739e-02
5.417317609591629224e-02
6.101083668902113760e-02
1.095258212108774637e-01
1.848283568028069868e-01
1.493870455853503754e-01
1.449107701784986268e-01
1.601510711500727102e-01
6.828368646656195196e-02
0.000000000000000000e+00
0.000000000000000000e+00
0.000000000000000000e+00
0.000000000000000000e+00
6.447774479726601842e-04
1.390872132293827614e-03
3.514131074017208360e-03
1.612418890133455237e-03
2.876793327092785034e-03
7.669101466687147477e-03
1.032829519415081818e-02
5.864613159014655380e-02
6.214062209192472430e-02
8.668795368938787826e-02
8.918211562964185879e-02
9.835818232215397250e-02
1.208076552316012936e-01
1.310871485355518951e-01
1.414383694424672377e-01
4.427460896683675651e-02
0.000000000000000000e+00
0.000000000000000000e+00
0.000000000000000000e+00
0.000000000000000000e+00
6.977750587929307897e-04
7.426213931685657962e-04
1.724006174913656191e-03
1.187440401292766921e-03
2.830119514984350600e-03
4.974385266973144551e-03
2.086538070945177445e-02
1.592518128483415285e-02
4.778979003410784021e-02
7.581527009779434612e-02
3.678499702174808234e-02
7.468734480833699729e-02
6.851808188332596250e-02
1.058307324199737331e-01
9.324402645208122731e-02
6.535587997345666811e-02
3.278631861145299420e-02
0.000000000000000000e+00
0.000000000000000000e+00
0.000000000000000000e+00
0.000000000000000000e+00
6.105470706655393050e-04
0.000000000000000000e+00
0.000000000000000000e+00
2.413231701499497870e-03
8.074397135119776563e-04
1.953476236020146133e-03
3.148350414074813780e-03
1.725021993911948380e-03
3.580805904073216302e-03
1.979181003069473144e-02
6.854393591197185942e-02
4.956091213076068563e-02
1.056354013960734417e-01
4.034559482602959740e-02
6.930086837968428559e-02
5.686115655155012105e-02
4.947586277553938511e-02
1.431686173186349532e-02
4.442230750249684889e-04
1.000905499574233611e-03
4.925587028151200489e-04
1.520327433132646422e-03
1.494351581360717262e-03
1.036925028558784850e-03
1.177619776152513545e-03
1.823552207803541287e-03
2.568235944491361299e-03
1.320933099547970174e-03
1.649385700071370623e-03
1.582026632572222733e-03
2.621589497830067658e-03
3.756916415556304546e-03
2.448399361477598696e-03
1.887896560176872572e-03
2.360676545142019120e-03
2.823722907100259354e-03
4.163408628593196978e-03
5.920695242774744876e-03
3.347226136626841805e-03
2.066631197878056585e-03
3.220912819762358943e-03
3.674033369150806871e-03
4.515990502774462796e-03
6.370075964039907147e-03
7.615932310099452797e-03
5.682568090364219400e-03
1.378629482329199072e-03
3.230100910211005597e-03
5.314631025298485745e-03
6.342943268423674105e-03
7.825085100290786813e-03
8.970694630273173473e-03
1.222446151974786697e-02
7.753069520409480719e-03
2.874346793637879652e-03
1.691617957924613624e-03
2.526104373292880918e-03
8.158045373628387831e-03
7.642567541770254810e-03
1.121392014736194605e-02
1.650450418583661316e-02
2.196726638215747152e-02
1.279544730150612535e-02
1.366437073812285571e-03
3.212349858991728636e-03
4.805633074234856236e-03
9.442192253234709537e-03
1.312616968256168082e-02
1.403783704287790875e-02
1.859845800481720740e-02
2.897880812760517469e-02
3.184618244694643885e-02
2.218454389246578284e-02
1.234853909573066337e-03
4.804653803942103736e-03
3.787557857232081316e-03
8.487296165232973214e-03
1.183027271849873378e-02
1.258363573730046647e-02
2.124237983548407649e-02
2.832137582027689782e-02
3.779408019594612117e-02
5.040249170971533577e-02
3.063427036389268499e-02
1.530854878911932929e-03
5.041864233373529770e-03
6.630504466260013843e-03
6.696752600497255480e-03
1.325564821881907232e-02
1.970988324889524565e-02
2.183512807924056429e-02
3.129397417069818693e-02
4.573849245163200128e-02
5.912265837412571806e-02
8.331118882016055882e-02
4.701787121267612946e-02
9.680331514305683463e-03
5.363835224404592521e-04
2.589286669590412735e-03
6.244451877247639802e-03
6.248404193462030187e-03
1.550052991540726115e-02
2.927573924979828823e-02
3.466624100225842303e-02
4.794417781514291599e-02
7.013103803267659031e-02
9.273455693700613511e-02
1.113775190500826129e-01
6.975106126279953522e-02
2.328779356482996556e-04
4.239647740095393857e-03
2.328369815256815020e-03
1.120218223578595129e-02
1.702112333809409697e-02
1.628542570950211599e-02
1.954730526531149939e-02
3.867188757499880752e-02
5.915538870737727106e-02
7.419729784789587390e-02
1.042383002491536342e-01
1.237780646104645194e-01
1.545681684240085285e-01
8.854312614903794842e-02
0.000000000000000000e+00
2.660837074645837699e-02
2.777289985605222930e-03
3.621470843518738263e-03
9.157944744249302271e-03
1.774061881903526289e-02
2.787244891806018796e-02
3.006958240958581066e-02
5.292471114087094614e-02
7.727849122430974216e-02
1.005724147874097613e-01
1.330409929204801611e-01
1.712654622776111080e-01
1.806698918116407537e-01
1.111758355373146656e-01
0.000000000000000000e+00
3.892663133674204284e-03
4.055843670059484408e-03
1.620113125050731337e-02
4.828146718027574204e-03
8.460611703760577418e-03
1.467284674649855375e-02
4.413641714573843244e-02
5.458171867303371338e-02
6.979464365365546652e-02
1.380806662150022013e-01
1.343621445287436489e-01
1.557487153144181957e-01
2.095645128830430914e-01
2.342444538773160723e-01
1.267307719146024414e-01
0.000000000000000000e+00
0.000000000000000000e+00
3.749229291908407792e-03
2.709918989732790478e-03
3.231119308190483208e-02
4.836145806386344011e-03
5.875676893508404233e-03
3.994244066277052863e-02
4.454968190256234500e-02
6.720778837151067386e-02
9.282508299156119747e-02
1.319958521874076696e-01
1.490257681185045702e-01
2.140484922955356306e-01
2.279503232249394107e-01
2.373909070309319358e-01
1.143389660669663910e-01
8.576295485974098909e-03
1.613322255186100916e-03
0.000000000000000000e+00
0.000000000000000000e+00
4.606917496787110017e-03
1.200544813377937923e-03
2.775634405667094448e-02
3.071770089538129050e-02
5.432028945955702515e-02
6.016968611264589956e-02
4.578560303649724383e-02
8.644121879874727687e-02
1.033870008706585103e-01
1.435024691131124852e-01
1.761376647501154968e-01
2.073518120884022820e-01
2.275721107254204123e-01
9.569601695859940305e-02
0.000000000000000000e+00
0.000000000000000000e+00
0.000000000000000000e+00
0.000000000000000000e+00
1.212308555705116954e-03
1.039542602467742865e-03
1.300841168466165473e-02
1.423728159626772884e-02
1.022109818306728493e-02
4.651351129171407695e-02
2.531469026918460943e-02
4.606519061380309754e-02
7.532683683095099669e-02
1.109082178840950228e-01
1.255807179282117658e-01
1.679987128278033759e-01
1.506540883253011387e-01
1.600043737518912768e-01
8.924888315489701296e-02
0.000000000000000000e+00
0.000000000000000000e+00
0.000000000000000000e+00
0.000000000000000000e+00
9.789437265019381666e-04
1.409172610610708899e-03
1.771374982251393282e-02
7.762181105362350730e-03
2.934882411032438410e-02
1.415286679469644759e-02
7.211118672383763639e-02
3.377895864862455466e-02
5.302930876966620993e-02
7.605480263565911336e-02
1.131268972144017226e-01
1.590450389225813721e-01
1.309423815485120934e-01
1.486319871263040160e-01
1.288561903632102490e-01
5.422664420726692330e-02
0.000000000000000000e+00
0.000000000000000000e+00
0.000000000000000000e+00
0.000000000000000000e+00
1.157734058883814598e-03
4.280859192357631699e-04
0.000000000000000000e+00
1.794219483227231775e-03
2.621457120618394827e-03
1.077733885780033513e-02
1.848223011848802028e-02
3.967738785910389365e-02
4.535947166566019900e-02
3.725495930884312884e-02
6.730205666820131272e-02
6.890035871257918498e-02
1.001705690067875437e-01
8.751415685478892981e-02
7.991546948550766472e-02
9.605489167854049104e-02
3.519496800991882279e-02
0.000000000000000000e+00
0.000000000000000000e+00
0.000000000000000000e+00
0.000000000000000000e+00
3.417037848761475863e-04
0.000000000000000000e+00
8.158602638026376782e-04
1.546805083074603024e-03
1.098272628999012995e-03
1.225112580322195062e-02
3.817290911003300667e-03
6.779817497759238823e-03
4.088296702984497814e-03
1.632874960632097611e-02
6.217677590795726156e-02
2.225067887575248385e-02
6.756384111535246317e-02
6.368226430442079644e-02
8.012687806955920422e-02
4.108466651119573043e-02
6.447681542994124215e-02
1.846781952012175806e-02
4.039180455653906712e-04
1.022031191700304136e-03
5.772742563216284352e-04
1.294740582494202132e-03
1.460552875287625309e-03
8.669592343536372363e-04
1.115374855963457371e-03
1.828234173513871869e-03
2.343931214661408927e-03
1.769623959389518032e-03
1.398762433207390975e-03
2.140416811745394880e-03
2.532548257986714808e-03
3.538141525629566637e-03
1.950178926762917387e-03
2.327263965922388936e-03
1.597799098241088666e-03
3.394309619002217407e-03
4.110762520510281154e-03
5.739634847473777321e-03
3.820877869361853640e-03
2.491120466447454326e-03
3.535169564399672296e-03
3.840605795159004587e-03
5.179598577330848594e-03
6.559726333139227240e-03
7.878784128725687882e-03
5.023272860095961967e-03
1.961804844115209740e-03
2.235821955774676233e-03
4.167252538999760385e-03
6.520563266624595719e-03
7.445318495664152332e-03
1.032701830122765251e-02
1.315787824387503954e-02
9.315055266885334181e-03
1.973720086248773736e-03
4.010980881604385775e-03
3.003652000076632595e-03
7.478824945858687616e-03
8.369840805985916815e-03
1.154993293272996678e-02
1.810614522201943813e-02
2.268678646066945789e-02
1.389059032539513398e-02
1.737164204832291562e-03
3.671762327318991645e-03
7.237912628866383438e-03
7.352031289177360200e-03
1.284558320520677761e-02
1.511469517035205976e-02
1.906587007936936390e-02
2.692307734337870753e-02
3.422488232494872579e-02
2.279082440147990607e-02
9.558030341004294808e-04
4.596963187972373695e-03
6.209136884468146808e-03
8.647044105091157562e-03
1.180449373419168585e-02
1.442885274933451353e-02
2.253415625385902371e-02
2.973142541376088896e-02
4.404668310023510114e-02
5.653824810322827243e-02
3.644924216768237468e-02
1.327574382716183816e-03
5.865025254787777954e-03
7.488131038122295552e-03
1.183046955875716351e-02
1.319657300605860464e-02
1.897245411744812732e-02
2.475618353131183585e-02
3.792954083316595060e-02
5.016911412453594482e-02
6.426721983967148555e-02
8.057149148888055612e-02
4.765000782534081075e-02
4.976800838391242472e-04
1.894598687936262151e-03
9.836283996617583084e-03
9.981692781609319276e-03
1.074720348257803167e-02
2.302236332147841735e-02
2.788839555668414308e-02
3.570324610013786426e-02
5.376695964772237879e-02
6.296318426690888925e-02
9.782330234667296898e-02
1.257123530262211075e-01
7.199935077398261773e-02
3.250273728003002637e-04
8.337398354788867110e-04
6.613060984388251067e-03
1.027756694796229733e-02
8.585063873898903311e-03
1.892617180502435131e-02
2.480444943039180825e-02
3.001205096699832708e-02
5.950584720125490917e-02
7.249793882488246577e-02
9.586932967560246599e-02
1.421006025598958167e-01
1.635345419613498108e-01
9.616515569621653103e-02
0.000000000000000000e+00
6.213010262753704358e-04
5.059090234754953785e-03
5.721577282722190537e-03
6.688093735398188515e-03
1.055771978390032673e-02
3.092661636330634040e-02
3.880581420020566552e-02
7.727464044627889439e-02
8.080709508951858244e-02
1.071980416636572758e-01
1.388233865660379873e-01
1.850031638388626720e-01
1.994726259504123744e-01
1.183855318332058260e-01
1.533914344484729742e-03
8.170821409556870175e-04
7.875044731075787896e-04
2.966023549456720497e-03
4.003115472891240721e-03
4.271649222001903598e-03
3.447963260566790783e-02
2.831959491257377351e-02
5.856418892315620739e-02
8.410046633561261975e-02
1.128367039602868604e-01
1.410440487399850507e-01
1.610784367934091355e-01
2.050552000464811730e-01
2.344925769135129123e-01
1.259509544444125384e-01
0.000000000000000000e+00
3.723419886499750291e-03
2.302904039806976874e-03
0.000000000000000000e+00
8.039439402906513278e-04
5.216592562038308185e-03
4.559440636284028611e-03
3.310044871176779507e-02
5.805902145968094841e-02
5.044506329722581173e-02
8.644185117727636036e-02
1.304629515230176506e-01
1.578428976471855649e-01
2.143075818492010121e-01
2.289988151133802441e-01
2.772744226732696271e-01
1.260531992970105875e-01
0.000000000000000000e+00
0.000000000000000000e+00
7.558500024456190659e-03
4.649836891791436083e-02
2.244373876316666655e-02
6.126492833945853221e-03
1.426530376210733211e-02
2.841844417089289809e-02
3.802965647096936963e-02
3.450311764387950508e-02
5.838768817561763164e-02
9.052642659687507032e-02
1.137027944480127062e-01
1.837243955376208771e-01
1.924982810237171327e-01
2.186681118577080973e-01
2.320810839218623578e-01
1.101712306179184614e-01
0.000000000000000000e+00
0.000000000000000000e+00
0.000000000000000000e+00
0.000000000000000000e+00
1.398978923744513894e-02
8.902870621700431164e-04
7.358924919844498508e-03
9.242011988422799834e-03
1.191379802401858201e-02
3.774702193380262416e-02
7.572580433244567588e-02
6.644582015226609129e-02
1.150728190979219273e-01
1.405937691504009490e-01
1.113802830657320414e-01
1.771794911288673280e-01
1.840050121639593139e-01
1.868414240121548942e-01
8.212262499719392983e-02
0.000000000000000000e+00
0.000000000000000000e+00
0.000000000000000000e+00
0.000000000000000000e+00
4.610242966135970019e-04
1.870165178287254773e-03
2.122043537779416157e-03
4.404336109139143918e-03
1.945199513578334607e-02
2.735953708616029739e-02
1.818919594099442996e-02
2.507929394616519037e-02
4.583264565117727701e-02
6.534947498425085211e-02
1.174626384383464506e-01
1.324426451475261557e-01
1.578873243640880608e-01
1.442612457311523710e-01
1.521702059119231509e-01
5.339283305909296035e-02
0.000000000000000000e+00
0.000000000000000000e+00
0.000000000000000000e+00
0.000000000000000000e+00
0.000000000000000000e+00
0.000000000000000000e+00
4.609816498172825670e-04
5.605709159527096563e-04
1.193910584779637324e-02
3.407927238421217496e-03
2.187792841787635986e-02
3.415687471608166992e-02
2.428911689852627717e-02
5.390914025357509964e-02
8.301054789854070415e-02
7.232343662917753435e-02
9.934966542399827072e-02
9.623423530730737530e-02
9.621080245424526445e-02
9.302660446649370363e-02
2.811347683397025579e-02
0.000000000000000000e+00
0.000000000000000000e+00
0.000000000000000000e+00
0.000000000000000000e+00
0.000000000000000000e+00
5.978562121538223044e-04
4.841039655353571755e-04
0.000000000000000000e+00
1.975313582458884318e-02
3.784394978269809556e-02
3.715041176166973894e-03
5.518345320454105113e-03
7.374251860877022169e-02
2.480583268735910840e-01
5.024285033803626427e-02
1.303592943112894253e-01
5.320066223639111080e-02
5.598871363166840753e-02
8.719354698018558225e-02
6.161583374086723741e-02
4.991599403171730759e-02
1.359308337848707908e-02
3.435244580624635018e-04
9.032676444173801588e-04
5.657091956100349659e-04
1.002837350408040604e-03
1.641883988001613046e-03
9.856260178211062161e-04
1.572209997624012890e-03
1.620064038837878929e-03
2.046619406756978749e-03
1.404027098971440384e-03
1.709934804089950416e-03
2.137084822807363508e-03
2.494174081254503603e-03
2.934648405948877149e-03
2.379960763077460136e-03
1.820726457348563910e-03
1.970461832913131435e-03
3.280097268220233831e-03
5.125008046632891466e-03
4.729075482094214494e-03
4.051278351062666955e-03
2.106703169751031942e-03
2.729711313143306541e-03
2.902849496045877865e-03
4.446654030355419972e-03
7.106217156301732583e-03
8.764118724776790229e-03
5.661021043296988846e-03
2.791595418129246518e-03
2.519425029498183026e-03
5.650665325846123549e-03
6.549477623146997274e-03
9.215237771826824062e-03
1.083066269345599013e-02
1.209112648019433113e-02
9.516272389628592510e-03
2.670786266850893025e-03
3.907490940015617004e-03
3.848503812259168426e-03
8.632853910537635969e-03
8.758185489098582743e-03
1.083746280389189659e-02
1.851720899037397408e-02
2.462123920057253043e-02
1.429139883614504412e-02
4.495028319714019886e-03
2.184998833048313986e-03
4.753091677317373281e-03
6.981559444101865554e-03
9.342432886497798253e-03
1.401248155491329438e-02
2.076076420225963712e-02
2.892132005611426290e-02
3.721413236075157144e-02
2.192084637315691240e-02
3.065521078757762119e-04
2.807745372172182341e-03
8.145970846371282728e-03
6.060989158481734813e-03
1.305622578946970952e-02
1.497391697289134939e-02
2.563249542307733178e-02
3.250898283204882444e-02
4.051032875757990676e-02
5.715977399922789887e-02
3.770089576678628540e-02
1.512339845393457409e-03
4.705428210102646433e-03
7.594015487204236990e-03
1.004122035374255435e-02
1.796939641073982616e-02
1.707142416684337763e-02
2.102972848644459394e-02
3.822077499717478621e-02
4.993630166668084486e-02
6.752049750309878362e-02
8.211858168051253126e-02
5.315420755201426956e-02
5.606266556083747132e-03
2.165204165365483460e-03
1.152661810320325950e-03
6.394974191230021719e-03
1.363895586160433944e-02
2.031837970402066221e-02
2.767559276392893980e-02
4.319990109680527796e-02
5.649318568745543417e-02
7.041983979320154408e-02
1.015592028021577442e-01
1.228512467353378296e-01
7.711396896519531752e-02
3.462320064406860663e-04
1.501475670182738503e-02
8.829412166815240465e-03
1.095112890748932769e-02
1.689520558024792257e-02
2.422145678580141584e-02
2.742556386649621508e-02
3.829770599758912375e-02
6.103203246599213372e-02
7.790872891548419887e-02
1.170532115897717496e-01
1.353988692683848194e-01
1.705669430449969493e-01
9.592234946830292819e-02
1.621151156996136289e-03
4.831091809993599134e-03
2.109948282612728737e-03
3.284221137604917840e-03
1.278076254708957263e-02
3.416811088270307190e-02
3.115665877936026756e-02
4.642762633113176746e-02
6.543258000992309420e-02
7.440474052290210749e-02
1.046882717963980441e-01
1.530865905224097767e-01
1.799038750663414510e-01
2.162031842610006027e-01
1.234765228875269877e-01
1.596855113177612570e-03
0.000000000000000000e+00
4.347909461938904399e-04
3.177816245980829863e-03
1.882882756786295395e-02
1.723162198994278652e-02
2.526513901006975649e-02
3.915183267985367782e-02
7.620618144748328437e-02
7.940206203922665906e-02
1.064459135110615989e-01
1.473304362227168540e-01
1.862000867860429121e-01
2.206704892298275433e-01
2.464016118060382288e-01
1.349290623049939908e-01
0.000000000000000000e+00
1.789969218804396411e-02
0.000000000000000000e+00
2.018274967344036927e-02
1.742409578368888518e-02
1.738198828631589560e-02
2.028667570314331495e-02
1.749018169076753046e-02
7.127705348838296595e-02
8.799328708856249404e-02
8.771725091493162707e-02
1.261271440932884291e-01
1.544797618292728936e-01
1.956599286823194062e-01
2.353733290400638611e-01
2.777286227176560263e-01
1.279172717968345696e-01
0.000000000000000000e+00
0.000000000000000000e+00
1.321049450090426049e-02
0.000000000000000000e+00
1.108877654062176681e-03
2.378601732801231827e-02
9.679621651328992882e-02
3.251860698509970171e-02
4.443163867946862966e-02
3.245510153957312932e-02
5.973527387975877817e-02
8.802981800945847146e-02
1.372740306243304953e-01
1.525700486130530664e-01
2.003904225776178272e-01
2.415563843960296109e-01
2.437155882995119538e-01
1.166799175138234917e-01
0.000000000000000000e+00
5.191083661125588111e-02
0.000000000000000000e+00
0.000000000000000000e+00
6.152385823308856002e-04
2.481157179701361324e-03
1.325143004729314664e-02
6.384919403292999875e-03
4.254317440340556894e-02
3.253819267265463389e-02
4.274361033018137662e-02
9.019159737046129888e-02
9.114867790343057774e-02
1.448775087566370745e-01
1.949069724718940633e-01
2.199405174453392120e-01
2.163926803504840068e-01
2.099451836339924493e-01
8.177716021158352999e-02
0.000000000000000000e+00
0.000000000000000000e+00
0.000000000000000000e+00
1.282950442316127190e-02
0.000000000000000000e+00
1.537167556252706097e-03
1.858380079700983631e-03
2.183525876535457808e-02
1.552121210074183626e-02
2.160575342471832139e-02
5.907831601847467196e-02
4.346729977730065531e-02
5.412764052628276507e-02
1.119682313730221840e-01
1.172426246258004984e-01
1.325137892980222387e-01
1.587209148329524755e-01
1.397266431303481049e-01
1.261893918131200554e-01
5.620448994865587244e-02
0.000000000000000000e+00
0.000000000000000000e+00
0.000000000000000000e+00
0.000000000000000000e+00
8.038202122592219296e-04
1.697394301365572110e-03
1.195004945477887298e-01
2.973757551628657732e-03
0.000000000000000000e+00
8.636909707991234988e-03
4.946841203518261704e-02
7.155917490167322537e-02
2.906988981950714077e-02
5.481134209661488871e-02
1.030837999143076333e-01
7.213559560342447385e-02
1.056329000099774929e-01
1.235977923794710637e-01
8.815539554740317585e-02
8.450707662829942679e-02
3.395357108554557246e-02
0.000000000000000000e+00
0.000000000000000000e+00
0.000000000000000000e+00
0.000000000000000000e+00
0.000000000000000000e+00
0.000000000000000000e+00
0.000000000000000000e+00
0.000000000000000000e+00
0.000000000000000000e+00
2.002061752403010847e-03
4.544668989373770382e-03
7.663423688247973306e-03
3.137267483271560103e-02
3.832679273746142368e-02
1.949116106785370173e-01
5.276493520726927011e-02
3.454902669679433408e-02
5.317803355557552264e-02
7.336947687497820392e-02
5.225346637780728387e-02
4.844017729631712454e-02
1.953226905557471291e-02
3.375711648761225178e-04
9.465010021726154776e-04
5.842078573762483386e-04
1.265097757826131458e-03
1.825669101993783461e-03
6.943760405352651611e-04
1.515978718914437603e-03
1.237839444563436538e-03
2.012143224975093767e-03
1.564681185889825943e-03
1.097124955017727763e-03
2.264684159513367240e-03
2.416003098326179998e-03
3.465078358915637136e-03
2.089203601672086699e-03
2.598228526058194137e-03
2.761769563646478305e-03
3.276061310046968385e-03
4.843861103667450145e-03
5.084075625965960889e-03
3.564481484733857206e-03
6.575755843327584817e-04
1.622269823694408005e-03
3.581702460851266413e-03
5.879269277900765235e-03
5.634662978964672699e-03
8.747893229882008903e-03
5.695564964201688292e-03
1.703544032937353778e-03
3.708968382296198591e-03
4.733280499234760602e-03
6.459332843955755028e-03
7.980832900683926950e-03
1.000954132123771725e-02
1.450592297788749589e-02
9.886414876213353228e-03
1.544285504709096406e-03
5.766206188747087687e-03
4.499196010739713383e-03
6.164574902577355658e-03
8.694242915410314854e-03
1.169607327777036701e-02
1.567346880205957443e-02
2.315820984136991029e-02
1.484979754818569961e-02
2.146267996236940478e-03
4.766120640758608057e-03
7.375628262205842500e-03
7.704145598671162908e-03
8.124310087395329727e-03
1.623609031772647524e-02
2.087271228287622751e-02
3.023805412348281457e-02
3.672340037387541306e-02
2.404039526526455944e-02
3.920647896098061400e-03
3.556462050001050861e-03
2.519797170610747154e-03
1.160249411856004338e-02
1.652873535436030772e-02
1.836552972443304330e-02
2.752019462428418467e-02
3.716616763526472966e-02
4.375180060570121876e-02
5.966302530667971782e-02
3.647995682338435464e-02
7.162163670479995128e-04
6.631903010992199095e-04
1.233658478652538762e-02
1.305522593465343294e-02
1.506104974927182164e-02
1.766170108716368786e-02
3.138660844164013058e-02
3.825816382261353760e-02
5.214335796243234344e-02
7.483257755256965404e-02
9.679755345485753504e-02
5.574484625483868555e-02
4.781369794370311441e-03
2.144410741787527476e-03
1.269337220553394888e-02
5.023002187328470813e-03
1.266631231829138705e-02
2.459790283078239562e-02
2.848245558295914651e-02
4.192590736023376480e-02
5.674643237596734696e-02
8.132084453705631932e-02
1.058547402393860137e-01
1.306743944135536628e-01
8.362531675198534020e-02
3.100471000387515497e-02
1.711722227131842462e-04
3.780041961973863024e-03
2.141686351859065605e-03
1.868769307375867453e-02
2.228954275818443784e-02
2.915351253754111874e-02
3.355378521064392161e-02
7.757000831368009164e-02
8.445011971513109728e-02
1.208398795095622785e-01
1.437068435420474910e-01
1.840876277490824664e-01
1.117715565154515367e-01
0.000000000000000000e+00
6.973354508531080928e-04
1.082928833677199902e-03
1.630348227512867440e-02
5.620088565580484002e-03
2.931626492429773717e-02
3.517201596377625417e-02
3.517383664598750653e-02
5.036095844734567867e-02
8.087850493681872366e-02
1.309334866064462977e-01
1.735860397484849105e-01
1.959901915025691888e-01
2.263319930153144532e-01
1.351043299548542187e-01
5.060511169456514968e-04
6.084172054309515756e-03
5.714836190091200641e-02
2.126509298748316748e-02
4.749788857667046338e-03
3.042185476500328806e-02
3.501648415340460896e-02
5.680576129662653212e-02
6.038866548844878945e-02
6.947624804941096577e-02
1.480560296232711626e-01
1.439117532017958334e-01
2.140826384562053986e-01
2.440802762871117360e-01
2.458222217229385775e-01
1.326331648570002464e-01
3.132562850749757728e-03
0.000000000000000000e+00
0.000000000000000000e+00
4.548634712140588870e-02
3.002058224769189312e-04
4.840618112544581297e-02
2.717020259442800428e-02
5.542404374093173186e-02
4.119468281188907316e-02
8.805961416249788454e-02
1.108419559998293363e-01
1.611130738824896047e-01
1.964644151842923070e-01
2.275840888961842279e-01
2.654583684581663383e-01
2.797873129089697430e-01
1.463180832931935405e-01
0.000000000000000000e+00
0.000000000000000000e+00
0.000000000000000000e+00
9.708496482106941661e-02
6.933257027595318353e-03
1.845662571900384338e-02
8.384581753248386560e-02
1.713639043737434295e-02
4.405863096057647393e-02
4.499539633787834336e-02
1.017879125761400605e-01
1.370688635304845027e-01
1.396721618764762973e-01
1.959992439916063145e-01
1.944364786744153528e-01
2.521112350433129534e-01
2.599357164845574331e-01
1.163635296773530420e-01
0.000000000000000000e+00
0.000000000000000000e+00
0.000000000000000000e+00
0.000000000000000000e+00
2.073845059692495593e-02
4.404478761410400740e-03
1.053991269861957458e-01
7.068831949253549275e-03
1.884736284225201064e-02
5.012524982725021644e-02
1.049630742985648152e-01
1.138659436822708204e-01
1.106322558610898787e-01
1.420460733994980962e-01
1.694603915892032020e-01
2.001811112319878683e-01
2.169927938488407926e-01
1.952628962983602168e-01
7.750840401229973364e-02
0.000000000000000000e+00
0.000000000000000000e+00
0.000000000000000000e+00
0.000000000000000000e+00
3.507875552132021235e-03
2.563872986442456824e-03
5.384097531660057140e-03
2.411190769021706246e-02
1.198527716181414272e-02
2.148188469056644748e-02
4.148353453695248494e-02
9.542586171973339859e-02
7.938650107025788105e-02
1.079374636542377863e-01
1.330665404830152221e-01
1.415155257376880249e-01
2.062987761647133156e-01
1.705811551761090561e-01
1.500526055334640563e-01
4.575723010724225270e-02
0.000000000000000000e+00
0.000000000000000000e+00
0.000000000000000000e+00
0.000000000000000000e+00
0.000000000000000000e+00
2.808409921213890752e-03
2.304208471039927413e-03
1.418729312830530401e-02
3.334988744186014563e-03
1.951431846218169971e-03
1.360003456693925465e-02
3.142002358371318721e-02
6.974763625711624671e-02
7.450494066407394034e-02
8.659475225869894821e-02
1.064923477512864647e-01
8.020344666937934131e-02
9.161808097022833275e-02
9.912905556853006395e-02
8.545572680512533714e-02
3.763414275513524143e-02
0.000000000000000000e+00
0.000000000000000000e+00
0.000000000000000000e+00
0.000000000000000000e+00
0.000000000000000000e+00
1.071603773303481761e-03
2.993257385985959029e-02
2.462189873691862391e-03
1.452517313359651639e-02
2.718425119641326368e-03
7.285409880496111421e-03
3.272584222707236590e-02
2.858189463966863061e-02
5.384400001288181664e-02
1.666846972695794071e-01
7.815171017725745795e-02
1.349401893918635020e-01
7.118531125365862300e-02
8.366321677014094960e-02
8.601799011190361388e-02
4.043343335804108069e-02
1.944328767002984765e-02
4.385049975339083282e-04
1.167494258667789485e-03
5.236440054580079363e-04
8.279032379089258003e-04
1.569246815681652482e-03
9.179736613491375511e-04
9.467550574948134599e-04
2.185721526512930321e-03
2.380975223550305456e-03
1.472038775591298383e-03
1.559220322861418857e-03
2.423346696558529439e-03
2.295027025819190800e-03
4.131336614958570387e-03
2.664635180571384935e-03
2.708167525368418080e-03
3.999066323969768452e-03
3.640056925640117527e-03
4.861919454759909553e-03
6.169249071437474773e-03
3.432433568309454976e-03
2.103721318975065781e-03
2.578820241981961709e-03
5.523222288897162643e-03
5.798369830013089775e-03
6.887068987570205830e-03
9.594713824866606816e-03
5.959501932380401913e-03
1.414193579337709320e-03
4.107043930658014520e-03
3.739582756538688008e-03
7.345736756184405303e-03
8.221706007083991880e-03
1.229976904033499956e-02
1.673375740246983018e-02
1.035753684736320269e-02
2.114809186202855264e-03
4.551269601794419133e-03
2.362452162791609314e-03
4.721560324661610610e-03
7.928455553149190566e-03
1.727179232327707287e-02
1.893637920387549259e-02
2.382977562758335083e-02
1.516618283191506836e-02
1.651165557026314625e-03
7.858005717482940619e-03
5.688931468272397790e-03
8.045041815535591487e-03
1.244328793121620043e-02
1.156636894996128373e-02
1.948934339431437554e-02
3.203335276826110856e-02
4.412263416367948748e-02
2.615476538458856928e-02
8.020329368540919657e-03
7.313761162720094564e-03
8.002503753105212961e-03
7.065581024940550958e-03
9.274596984492226859e-03
1.645683532143013897e-02
2.147817318098123318e-02
3.638511853477924274e-02
4.736220184504784381e-02
6.254351823995710213e-02
3.790977628491584012e-02
7.632628730572635183e-03
9.835937875717210011e-04
7.792081731830622325e-03
9.075887632538345851e-03
1.870478849974657048e-02
2.232148839010751964e-02
2.897955989853578593e-02
4.299106644761174073e-02
5.241829165551929737e-02
8.597276564892346318e-02
9.444970301071269059e-02
5.769877485583175397e-02
1.399064844126374696e-03
2.645337343110688833e-04
3.744781389706085956e-03
5.258781652103887948e-03
1.787140252869893337e-02
1.869861964426063755e-02
3.330925985980507514e-02
4.347227856708420213e-02
6.273272212227261335e-02
8.703928932333644675e-02
1.115739995360673642e-01
1.374018126829008590e-01
8.209611084896772937e-02
1.729861564145121966e-03
9.444378630336336096e-04
2.539671382523780736e-03
1.115175387901907837e-02
6.845163875758293603e-03
2.440609243444314888e-02
2.864396522042163967e-02
4.496894959214515347e-02
5.692551986801110825e-02
8.968906155637033917e-02
1.178424763601975123e-01
1.621339354754478268e-01
2.157077975155007599e-01
1.219745770917558259e-01
0.000000000000000000e+00
1.515169166010356524e-03
9.854906349296690612e-04
2.642304150438409827e-03
7.417256133660220588e-03
4.032090390126835677e-02
3.650645309823930679e-02
5.604695595556483806e-02
7.014114746384637888e-02
1.021801695285778633e-01
1.604609669107906478e-01
1.784039257116815380e-01
2.180744010815770240e-01
2.452548949094967290e-01
1.421511536613645765e-01
3.962546657113763960e-04
1.323419620418406391e-02
0.000000000000000000e+00
2.855409741823375022e-02
1.577716806882326420e-02
1.953167363807953305e-02
7.522140152122000489e-02
4.178577679789245714e-02
8.945179952437788684e-02
8.730355866589911695e-02
1.206154880524122341e-01
1.834334823453573626e-01
1.841884577300273440e-01
2.353545127987907437e-01
3.051584456930972467e-01
1.429940995256082092e-01
0.000000000000000000e+00
0.000000000000000000e+00
1.790703672482248446e-02
0.000000000000000000e+00
3.240377868701340477e-03
1.721002239937203387e-02
1.792303117675449198e-02
4.160903121893147483e-02
4.241075059663837465e-02
8.537131867741636071e-02
1.343171927425693413e-01
1.667247929795642458e-01
1.787788798752958375e-01
2.524180455319910421e-01
2.736729174123230246e-01
3.256166093639974446e-01
1.448341903276784415e-01
0.000000000000000000e+00
0.000000000000000000e+00
0.000000000000000000e+00
0.000000000000000000e+00
2.877552057677714836e-03
6.488826786603936470e-02
1.374320491964820846e-02
4.583372796624207712e-02
4.469252212444126821e-02
5.932499507813359524e-02
8.528651734508695126e-02
1.016339111771883963e-01
1.557504445072501742e-01
1.947409462929435009e-01
2.457800025379440201e-01
2.523066772659989243e-01
3.197549899596041634e-01
1.210160577685513855e-01
0.000000000000000000e+00
0.000000000000000000e+00
0.000000000000000000e+00
0.000000000000000000e+00
4.502010870181219482e-03
3.648030027598021981e-03
9.627334465805791053e-03
1.567069203505928182e-02
4.548197253483772518e-02
4.366745650460347045e-02
9.556099624803160442e-02
9.075860985765844824e-02
9.071763949625537282e-02
1.591757980256847949e-01
1.529798010922155671e-01
2.143911931037851826e-01
2.647297870857735491e-01
2.046614123525444529e-01
1.040392140849664138e-01
0.000000000000000000e+00
0.000000000000000000e+00
0.000000000000000000e+00
0.000000000000000000e+00
2.629240564984451287e-03
5.386550749382178205e-03
1.560144511472460593e-03
5.998731125489781095e-03
7.563294693226568083e-03
1.206513206079704442e-01
3.459742525883435088e-02
5.780543019798413396e-02
9.501010670397447289e-02
1.341317847777301897e-01
1.526873680822476986e-01
1.412223813025872965e-01
2.057490614937164120e-01
2.019314693015059337e-01
1.774832881072958557e-01
6.023160528589943663e-02
0.000000000000000000e+00
0.000000000000000000e+00
0.000000000000000000e+00
0.000000000000000000e+00
2.758792000079573481e-01
1.071094745745355525e-03
9.439292723411013553e-03
5.053604591550475873e-03
1.361017370414906386e-03
2.790692978419443207e-02
1.026404994846840703e-02
3.976188277161459700e-02
5.260446168496102359e-02
1.111824523782937446e-01
8.904539728684458810e-02
1.759708150649291758e-01
1.149228407109655209e-01
1.349468758829889814e-01
1.309555280746334538e-01
1.167073064332965759e-01
5.206416285026325974e-02
0.000000000000000000e+00
0.000000000000000000e+00
0.000000000000000000e+00
0.000000000000000000e+00
0.000000000000000000e+00
0.000000000000000000e+00
1.129694769670679501e-03
0.000000000000000000e+00
4.716178725388465130e-03
3.596651036764447144e-03
9.448041733643492215e-03
9.482017956993760849e-03
7.262987378038475439e-02
5.062402254908034832e-02
1.027832953795318471e-01
1.175321495147405998e-01
6.895890248301976555e-02
6.587354181986099233e-02
6.774006782032045149e-02
5.272749736321287461e-02
3.732384385767321955e-02
2.283603557583675780e-02
9.295818200176812155e-04
2.125844061410238437e-03
1.527927335904268481e-03
2.297457670713609797e-03
2.845788709191562817e-03
2.004657081370579078e-03
3.061941109285982055e-03
3.393755236430716186e-03
5.352527742475553414e-03
2.746669088280598303e-03
3.482088342802194120e-03
4.565392113682595170e-03
5.771683045271615124e-03
7.500775608452360868e-03
4.842127301214210582e-03
4.586034230050212504e-03
4.574748442268238534e-03
7.182228510676819978e-03
1.002501602526485909e-02
1.272258791519850080e-02
8.352216946679400650e-03
7.791764891574071150e-03
3.821866723004192258e-03
1.095399220954884623e-02
1.208964751640127441e-02
1.426406382645530047e-02
2.177750224967721707e-02
1.270806232618257314e-02
4.650543134830139279e-03
1.134866937046182835e-02
1.115244579112380403e-02
1.417557042357574411e-02
1.986290672363773616e-02
2.417773733827076332e-02
3.386762296211201506e-02
2.309616320909430379e-02
3.280972457131633817e-03
1.043900313170131357e-02
1.664026279806681344e-02
1.928623293975439620e-02
2.040363549066228147e-02
2.368212113008696246e-02
3.907328404852615511e-02
5.286731300204726425e-02
3.605136093455103830e-02
1.161751669712044778e-02
7.688472069563902396e-03
1.222372679174480413e-02
1.522889312126056958e-02
2.951156430294570379e-02
3.597202220671487372e-02
5.056879492569896217e-02
6.787653355134365407e-02
8.561630915754540883e-02
6.713169566370838504e-02
6.593040001815161401e-03
6.404580610412262398e-03
1.498710870264379803e-02
1.884290536823087295e-02
2.689586543918737194e-02
3.917151560890120426e-02
5.483783237892825291e-02
8.267486195991072262e-02
1.078377859179820986e-01
1.407400742825901108e-01
8.892416136439186547e-02
2.592264564206890783e-03
1.358828897692174360e-02
7.291212112548612831e-03
2.432476381545206623e-02
3.280225557179413526e-02
3.502420741836374113e-02
6.980880541564700448e-02
8.118194523094536541e-02
1.150954254253176989e-01
1.636013787628507188e-01
2.084491663837455544e-01
1.268361734668566887e-01
1.812293635109434031e-02
1.548358463290180204e-02
1.082974378881069837e-02
1.607069515768818138e-02
3.495576167852916527e-02
5.449752265891241038e-02
8.434737078363013785e-02
9.628564036018291694e-02
1.513264870004521478e-01
1.931779999863212915e-01
2.599646086258232125e-01
3.332424601550407206e-01
1.957270142622482278e-01
7.268371014284896216e-03
2.213662510572686915e-03
1.072632445931166745e-02
4.156447080998994931e-02
4.897939525766624447e-02
6.644661707544351203e-02
8.174778390597740862e-02
1.131389661896170240e-01
1.434474271812818391e-01
2.089401502391816934e-01
2.545783107849519666e-01
3.731363544830986756e-01
4.354482354269267330e-01
2.354599669672832740e-01
0.000000000000000000e+00
3.272228772198886720e-03
1.908923609053558845e-02
2.720864786496515059e-02
4.097118581549117483e-02
2.386998142795251215e-02
7.948190438973445904e-02
1.920572690690794115e-01
1.724518387154500565e-01
2.238130926677291133e-01
3.083496367545794370e-01
4.003403981515855081e-01
5.189566164653941494e-01
5.325091876995958762e-01
3.155848623218330262e-01
0.000000000000000000e+00
5.932717376450095254e-02
1.392984814357560441e-02
1.459877819817419903e-02
5.544286987066196493e-02
1.794880476216868803e-02
8.534325074258608534e-02
1.182009606148736042e-01
2.053877223404483310e-01
2.200876268673684633e-01
2.990352784229196037e-01
3.628211104579697199e-01
4.545242025862834545e-01
5.821040472635004015e-01
6.209284128603226316e-01
3.266854805093757363e-01
0.000000000000000000e+00
0.000000000000000000e+00
0.000000000000000000e+00
1.071535465815284111e-02
4.385244061340190687e-03
9.261414201118033096e-02
2.371900014271480575e-02
5.509621582411913104e-02
9.027223654846587564e-02
2.477675838612636572e-01
3.733596220435866919e-01
3.643846623855203637e-01
4.178129623208884924e-01
6.133572795717667780e-01
6.123757311993933694e-01
6.437408227704489727e-01
3.489808652252632815e-01
0.000000000000000000e+00
0.000000000000000000e+00
0.000000000000000000e+00
1.340965080584036184e-02
1.034018228965273437e-03
1.248148256230787595e-02
8.553731116305364479e-02
1.404772256742938541e-01
1.026940936386258746e-01
1.283212209621139022e-01
1.749647981183235501e-01
2.853119284017723301e-01
4.005641984029079672e-01
4.336220064529137663e-01
5.669301051371150590e-01
5.876977162780160358e-01
6.487491902194956195e-01
2.855252184428505591e-01
0.000000000000000000e+00
0.000000000000000000e+00
0.000000000000000000e+00
0.000000000000000000e+00
9.019905714968676214e-03
7.484881990371219582e-03
1.867365143643565442e-02
3.396405082206858939e-02
7.114337287606348204e-02
5.826125431605725519e-02
2.685407639557305104e-01
2.075354221802632737e-01
3.476235703911248476e-01
4.250599190731736421e-01
4.080859173824673003e-01
4.702405440841417872e-01
5.092273087602622317e-01
4.968820717915127250e-01
2.362014697377647077e-01
0.000000000000000000e+00
0.000000000000000000e+00
0.000000000000000000e+00
0.000000000000000000e+00
1.272788226809270324e-03
4.948640728190468324e-02
5.756660175656718587e-03
2.652687971280054402e-02
1.201596701211463253e-01
2.466250213428236582e-02
1.357174331387268618e-01
2.708491460654504634e-01
3.777782727613597236e-01
3.601675932640823752e-01
3.912402313721858316e-01
3.870835021724570169e-01
4.353227548873163655e-01
3.955239290194049184e-01
3.499086586952497302e-01
1.396183420011802567e-01
0.000000000000000000e+00
0.000000000000000000e+00
0.000000000000000000e+00
0.000000000000000000e+00
5.405668539590264589e-03
5.041042318319200778e-03
1.206437761644131162e-01
2.278667603058158117e-02
2.066789632223970524e-02
5.756189584094790340e-02
9.113130483279115179e-02
5.064551753150384888e-02
1.177272661759499878e-01
1.607716794221897283e-01
6.468632029129727234e-01
2.053955323785686404e-01
3.821585717507922086e-01
2.759687048675940058e-01
2.355125683046184193e-01
2.754475326448677652e-01
7.881508799598316295e-02
0.000000000000000000e+00
0.000000000000000000e+00
0.000000000000000000e+00
0.000000000000000000e+00
2.105277734337312762e-03
2.849907480709303140e-03
0.000000000000000000e+00
3.110952584410531414e-03
8.282716911314434369e-03
5.175716930682553937e-03
3.985975722784138725e-02
2.518237127284892463e-01
4.221143058212176169e-02
5.796709932999066089e-02
1.359058202434804963e-01
1.309549558802187152e-01
1.434546440973056836e-01
2.522270767302209893e-01
1.792400463997096127e-01
1.617279067836615014e-01
1.600259306647109914e-01
4.796122089250181436e-02
8.563550006340326986e-04
1.452350083205994650e-03
1.302610204468217583e-03
2.708421004734166537e-03
2.662125278662242148e-03
2.117207760509970393e-03
4.035289360651409842e-03
2.973631654194766084e-03
5.218508198754278835e-03
2.735326147736317701e-03
2.898385141479911838e-03
5.621522875029297608e-03
6.580906932340030782e-03
7.317993634967312304e-03
5.838836717487462698e-03
3.393590394107409616e-03
6.160751110307945838e-03
7.085802875773887857e-03
9.829324383999532219e-03
1.461359426224716207e-02
8.902773161509639974e-03
6.966686663306431194e-03
4.695083841660177386e-03
7.604747842577549641e-03
1.182309328233138029e-02
1.793087312804811373e-02
2.278609879096646709e-02
1.245523182229315434e-02
9.323322979582769274e-03
5.643637197868541823e-03
1.384463145509675676e-02
1.679816730322903490e-02
1.898922118211534421e-02
2.395663695300349200e-02
2.991791355499142172e-02
2.086915740749952994e-02
1.129151230267092833e-02
1.388828458514317424e-02
1.432982803906290847e-02
1.460175640494970617e-02
1.578743019416859253e-02
3.061529335721455483e-02
3.263048313072368367e-02
5.542238774558534004e-02
3.854357064687582990e-02
3.434214964661987547e-03
7.433908902364147302e-03
1.430253022549455438e-02
2.237001324025031032e-02
2.974005482035275288e-02
3.443130941403783896e-02
6.172154502914788815e-02
7.431362705700526872e-02
9.835553445550782037e-02
6.302338142802435539e-02
5.875622272953120659e-03
1.697054772821747146e-02
1.949957741515308610e-02
1.820125681442818361e-02
2.967145872255078434e-02
4.240423366414546730e-02
7.069179561452347549e-02
8.480971233558647071e-02
1.277903996381234697e-01
1.621937457248482095e-01
1.015972285439340900e-01
7.740654015364870424e-03
9.587390244641049927e-03
1.104850006084927456e-02
1.728992139868903294e-02
3.779589266261475927e-02
4.523101449489930898e-02
8.712295329996984361e-02
1.290450089044733462e-01
1.248548228571332297e-01
2.131748322639040738e-01
2.617821680760348824e-01
1.495537035730572784e-01
1.221177232140086520e-02
4.540968912757500919e-02
2.177762823257630223e-02
2.963575419176928821e-02
4.875957469692985408e-02
7.812838054457978132e-02
8.710765483672879006e-02
1.013396555174417846e-01
1.617792196370289037e-01
2.145025362719867601e-01
2.781997751508911709e-01
3.650815640690411312e-01
2.152202858340664937e-01
3.478788937445430329e-02
1.387713072072647644e-02
8.401159825187316105e-03
6.390577687972799105e-03
6.417519469204137350e-02
5.397690651823164321e-02
1.098588348116001923e-01
1.254949486469493225e-01
1.869442138060366243e-01
2.661118457801998072e-01
3.002005343373687629e-01
3.941475111771937656e-01
4.872085293262947148e-01
2.864634342782854670e-01
4.243130803579819345e-03
6.924962372616777712e-04
9.863544202779716760e-03
8.440073236725496864e-02
4.021703344222393728e-02
7.064753603160540962e-02
1.009146609176770210e-01
1.442180497613648471e-01
1.740375340590318842e-01
2.110965166399070281e-01
3.016394986125233157e-01
4.987284108030662910e-01
5.732909597910693655e-01
6.076693561889434658e-01
3.431340388872527458e-01
0.000000000000000000e+00
7.333389293130358755e-02
9.200857959633901642e-03
7.559230163956147386e-02
5.032113350349325803e-02
4.991968659613860333e-03
6.217048566109888152e-02
1.660532065005591584e-01
2.470471919857993859e-01
2.266180954637451173e-01
3.870603430874374196e-01
4.712158989049528568e-01
5.517940947273378693e-01
6.275058820242433999e-01
7.283799332789967496e-01
3.609486450067493357e-01
1.829319070806694749e-03
0.000000000000000000e+00
6.854122728409113661e-04
5.844554636153573464e-03
1.699515422195436998e-01
6.851028297004152501e-02
7.675169820346693095e-02
2.043827826385545832e-01
1.687284965172635987e-01
2.108220160269884125e-01
3.102990029455769960e-01
4.101430722071355839e-01
6.718127589529299115e-01
6.608044232796058681e-01
7.752285762993126328e-01
7.952011004344295975e-01
3.674602911259826632e-01
0.000000000000000000e+00
0.000000000000000000e+00
1.268936741851976746e-02
1.459555529957808594e-02
2.024051417200079840e-03
3.833453808014458675e-02
1.104335557091856851e-01
8.879696334654177403e-02
2.792761127437159985e-01
2.045812607004501293e-01
3.413414499410913905e-01
2.990740877943580123e-01
4.233169698800191005e-01
5.126382430979257165e-01
6.007363416260815825e-01
6.756651038862727665e-01
8.008962732600395373e-01
3.793519793701293774e-01
0.000000000000000000e+00
0.000000000000000000e+00
0.000000000000000000e+00
0.000000000000000000e+00
4.904826592402533429e-03
2.746515968175959263e-02
7.127139229408328835e-02
1.103960564315823178e-01
1.017799216918669203e-01
4.011477625956170190e-01
1.711778996145449372e-01
2.524836821141767107e-01
4.210959994002183571e-01
4.866059405673703320e-01
5.287000886941178868e-01
6.264419752127297070e-01
6.372196265627807499e-01
5.805536596011319217e-01
2.869633077176519387e-01
0.000000000000000000e+00
0.000000000000000000e+00
0.000000000000000000e+00
0.000000000000000000e+00
7.079790665196872279e-03
1.047625277667855494e-02
3.634985160629262274e-02
8.110333579029641027e-02
6.683181731010678917e-02
1.273144889696575799e-01
3.881873973252744081e-01
1.840037128758591767e-01
3.315258161039840723e-01
4.498126922214559786e-01
3.868218478792787574e-01
4.363960358837807307e-01
4.321165895197278672e-01
4.523383966756653329e-01
4.142704594371075522e-01
1.475391888627614334e-01
0.000000000000000000e+00
0.000000000000000000e+00
0.000000000000000000e+00
0.000000000000000000e+00
8.735730690737327289e-03
4.255169306562137273e-03
1.518477423084465226e-02
7.351481726228945024e-02
1.122964359732554762e-01
7.627332471962909588e-02
1.323523864264544436e-01
1.742702133877088166e-01
1.817250659106522115e-01
2.678711652150411182e-01
3.222716613270492081e-01
3.854781175901184076e-01
3.263270394716527578e-01
4.510329235454914598e-01
3.700771237277656889e-01
3.212209592355572130e-01
1.262414398934244009e-01
0.000000000000000000e+00
0.000000000000000000e+00
0.000000000000000000e+00
0.000000000000000000e+00
0.000000000000000000e+00
5.950883240987261090e-03
1.526925455645326488e-02
5.547478416256840413e-03
1.121070111244728933e-02
2.127472510109260778e-02
4.517046306870468875e-02
2.746695033672921435e-02
4.053671396879078570e-02
9.434550193019469733e-02
2.591038974418310437e-01
1.513274803639295119e-01
2.786695412447488529e-01
4.178685629677029723e-01
2.536009114464797265e-01
2.457675197820340662e-01
1.566597364968169981e-01
7.484714862687499859e-02
2.477431644564601337e-03
5.593956042279683849e-03
3.035064193867954320e-03
5.107344828536228114e-03
6.607181531541573075e-03
4.251344416766953196e-03
4.294603008959384585e-03
8.978781929625399144e-03
1.237284013928592781e-02
7.542040492368965766e-03
1.053758344960362484e-02
1.098216707377046124e-02
1.256570809545388100e-02
1.476321045389819911e-02
1.047006066362976898e-02
1.066108523625268478e-02
1.681920276927924979e-02
1.413889402440117460e-02
2.173977595858668163e-02
2.978402588119943156e-02
2.517297821390831331e-02
1.907452800787511060e-02
1.970661591323345438e-02
1.972167702523499808e-02
3.067961866445997193e-02
3.125245867588050813e-02
4.697182766960893846e-02
3.569618066524236910e-02
8.823379071887528166e-03
2.077292320758873656e-02
2.557629064714819073e-02
2.624383869119874257e-02
4.977406875777434098e-02
6.446747866907232005e-02
8.512637159792153796e-02
7.097426099988089765e-02
1.598927630958460119e-02
3.009301471160315961e-02
2.384423866410379997e-02
4.549223737245522425e-02
5.565953364803152142e-02
7.213127631372504012e-02
1.048265459891866841e-01
1.300008080017356626e-01
1.037514015385798405e-01
4.922009851547974255e-03
1.898039845480362781e-02
2.334538803960868950e-02
5.067546976726900604e-02
6.976272476329273275e-02
1.200061128614449552e-01
1.176486380929371994e-01
1.730890215061220982e-01
2.443873732485874473e-01
1.663978437079554062e-01
6.263396444017504472e-04
2.773257277324809277e-03
4.276018320241720821e-02
7.952237139544364453e-02
6.944964508636566891e-02
9.716325256516400444e-02
1.463403321302807203e-01
1.919540131110260284e-01
3.035933217679360197e-01
3.954010662284149213e-01
2.625041209006314658e-01
2.146397824294433987e-02
4.567519253450339628e-02
2.693632919454586744e-02
3.604147735843826750e-02
1.085913506828978248e-01
1.378503630472874553e-01
1.830209236158867048e-01
2.774709658060361406e-01
3.695260447194884112e-01
4.976638864700788645e-01
6.399009938046179569e-01
4.251750947542684567e-01
8.051608938507641422e-03
6.130758797747054220e-03
1.050130507330410655e-02
6.357225128208511544e-02
9.883046722304410225e-02
1.844346554985462905e-01
2.023585002422594592e-01
4.058864572366817636e-01
4.388473049599543319e-01
5.284975961586122484e-01
6.874157562160264634e-01
9.048637254677067698e-01
5.400690802763453702e-01
9.183577431985607067e-04
6.420398383833347822e-02
2.546775176654286418e-02
1.347680925695499132e-01
6.328998995591544885e-02
1.228539009310422037e-01
2.420186889869901103e-01
2.577817917197048891e-01
4.859491778455254374e-01
6.509474306212127415e-01
7.952918231709029673e-01
1.111461128034356705e+00
1.226297561608309161e+00
7.568887575896809938e-01
0.000000000000000000e+00
4.084972950736531251e-03
1.780506845376911562e-01
8.662480486639907371e-03
4.965188330918773180e-02
1.961081585808759908e-01
2.613891649138075368e-01
4.016865120158768510e-01
5.685787511349771339e-01
6.980141385384148744e-01
1.091180217475499425e+00
1.251525178545393135e+00
1.440057236332044077e+00
1.573176571212492547e+00
9.248517557742375050e-01
5.657575850722634109e-02
1.025109150686686179e-03
1.540329701730871548e-03
2.089408712555024944e-02
7.315939409121420545e-02
9.121363745606497764e-02
3.612875718931936597e-01
4.159726437513426300e-01
3.453410607884661032e-01
6.380569557807335146e-01
8.514885702316065119e-01
1.175695200562772769e+00
1.467586379974850974e+00
1.455011947620934221e+00
1.869361291276037340e+00
9.544616806082851790e-01
0.000000000000000000e+00
0.000000000000000000e+00
0.000000000000000000e+00
7.327839839438049507e-03
1.679133994820372899e-01
1.091875069721395947e-01
2.726790173526620342e-01
3.720071223736615695e-01
4.131707290065743110e-01
6.311612806894605354e-01
9.620206907207732305e-01
1.245623408627553941e+00
1.735159307573822529e+00
1.924479161994962162e+00
1.940347305859552396e+00
2.084658129090094292e+00
9.294179040626697752e-01
0.000000000000000000e+00
3.503461686955222990e-03
3.230420688610932071e-03
5.067911632469002982e-03
2.435142223841036541e-02
1.342462562310055840e-01
1.398367878088910277e-01
2.244491985842716752e-01
5.205072121873492996e-01
3.755480160679688373e-01
6.799236847131819861e-01
7.594388177817616992e-01
1.160742906508557493e+00
1.665255845955218250e+00
1.875093790800173688e+00
1.882498908667045168e+00
1.936436320929523447e+00
8.031459616066110030e-01
0.000000000000000000e+00
0.000000000000000000e+00
0.000000000000000000e+00
0.000000000000000000e+00
2.612025299217086982e-02
1.300252544054866510e-01
3.247913377608246388e-01
1.765220461973988075e-01
1.768953030662737680e-01
4.003845777187322597e-01
7.256617378472550728e-01
1.633456835470299628e+00
9.822781443055212947e-01
1.619294261197808282e+00
1.179797781786499522e+00
1.741955646083816811e+00
1.622504852787994389e+00
1.380000341881244985e+00
6.603717940324110858e-01
0.000000000000000000e+00
0.000000000000000000e+00
0.000000000000000000e+00
0.000000000000000000e+00
2.525727031311659349e-02
3.209500403565240106e-02
2.336069860161963871e-02
2.926708277440298045e-01
2.969661211334490569e-01
3.831607271678025839e-01
4.103430895587884542e-01
5.793765737995314469e-01
9.096409132509130080e-01
1.334003619841773514e+00
1.630016528844454582e+00
1.294012239846308532e+00
1.288776408260487782e+00
1.322296063850987746e+00
1.026404153917847006e+00
6.390289584834651926e-01
0.000000000000000000e+00
0.000000000000000000e+00
0.000000000000000000e+00
0.000000000000000000e+00
1.253081999339887738e-02
1.384910991683667048e+00
3.690976095198610085e-02
5.366599068538376732e-02
9.579809106800191154e-02
1.712930163181639875e-01
4.039684747966796330e-01
5.245938907860246969e-01
5.120086880902237070e-01
1.456409105083696920e+00
1.132326362561119737e+00
1.114927842904299027e+00
1.380439590570486263e+00
8.097431658637274099e-01
9.662553113602802002e-01
1.070516463662080531e+00
3.233307532381266558e-01
0.000000000000000000e+00
0.000000000000000000e+00
0.000000000000000000e+00
0.000000000000000000e+00
9.910471127111165901e-03
2.490689779279340807e-02
3.570830296933214659e-02
1.765190576313844378e-02
3.635029777532829409e-01
6.175650069112138818e-02
1.916504740528562067e-01
2.411645582075225003e-01
6.644294925518997585e-01
3.939303226943483560e-01
1.507185820813254029e+00
1.485701564159533694e+00
7.182308524115634807e-01
1.279540864036432524e+00
6.736986972526813888e-01
4.906479763847008679e-01
5.183914602040529118e-01
1.692486282480993864e-01
1.462003144940852420e-03
3.208484881927003377e-03
5.514506189735756151e-04
6.521476491412867872e-03
2.510939146860487539e-03
1.092218133345001976e-03
2.429215740395560159e-03
4.866765412506441658e-03
5.565719052390522698e-03
7.947064228075251605e-03
2.994876310363808487e-03
9.914224769033978119e-03
6.006883657729807438e-03
8.837570547449716957e-03
5.807217740709949040e-03
4.214186201997575758e-03
6.445679686586076353e-03
1.207976682181018807e-02
2.025372126941169318e-02
1.210279851217348907e-02
8.613485164435009597e-03
2.203116933149299773e-03
4.266246799757573115e-03
3.208131933319027101e-02
9.486574193186127907e-03
1.917225745189043984e-03
2.586799494680008110e-02
1.697738327754205745e-02
0.000000000000000000e+00
1.147567316106266021e-02
6.702196085530654716e-04
4.507596914235897922e-02
1.740002026930765125e-02
5.154076761347071989e-02
5.271273805612367719e-02
3.236412043744945483e-02
1.500919142206928389e-03
1.504616438991492229e-02
1.955885680818803332e-02
4.997595415316915049e-03
1.812154841553040643e-02
3.990243401063228723e-02
4.466421048611409622e-02
1.231441204473571749e-01
5.265194820896037381e-02
1.114992301172602548e-02
1.227663427491417847e-03
2.528891526351971855e-02
3.264135613748733039e-02
4.287289675412912088e-02
3.200550096072811435e-02
5.206092439418727458e-02
7.962916670327555013e-02
1.627923391602398850e-01
9.600930780203235926e-02
3.750994934323941682e-02
0.000000000000000000e+00
4.954878090563852311e-02
7.840523769909650553e-02
2.448313484279137850e-02
5.500985863447230284e-02
1.185950715345201328e-01
9.687717377951460263e-02
1.733936354784249012e-01
2.549811615677414767e-01
1.697614120069841914e-01
5.140314595866791667e-03
0.000000000000000000e+00
1.143287144844907371e-02
3.707046348800335095e-02
5.201981788481307295e-02
7.888021007886902858e-02
1.652726415971532137e-01
2.154673632268001293e-01
2.834680322731212843e-01
2.842327502695585761e-01
4.727275870530692758e-01
2.177425070759654024e-01
1.167702417710242933e-02
0.000000000000000000e+00
1.881361211402478653e-02
4.232609447862852731e-02
5.862988081223888259e-02
6.163281166224379021e-02
1.031513584582433585e-01
1.263254340866921122e-01
3.236766914971966891e-01
2.071458505849650966e-01
4.853974422896115692e-01
5.827173630642145108e-01
4.184898863764502930e-01
0.000000000000000000e+00
1.473727548850743913e-03
8.773493181407521213e-03
3.280027864946510278e-03
6.793038145658804317e-02
7.705086266216540358e-02
6.904117443160590062e-02
2.267167052791615456e-01
2.281859876252879671e-01
3.039834986611104628e-01
5.100135749772461979e-01
6.180991622965177346e-01
6.834294491292642881e-01
5.389869975811250047e-01
1.617483154912780496e-01
1.433180830370606521e-02
2.084320025415579546e-03
2.636717288501994744e-02
1.864722991075372371e-01
5.188461846117538995e-02
2.655501279212695298e-01
1.440002339304881640e-01
3.118603760324149543e-01
7.253363350687850319e-01
4.800783085959585694e-01
6.846333510339250861e-01
8.675786845669368752e-01
1.045283618757824939e+00
4.622526846489354302e-01
0.000000000000000000e+00
7.916267092446221953e-02
0.000000000000000000e+00
1.426720441382323123e-02
8.193618573960688434e-02
6.504053198620629583e-02
9.405222162438783839e-02
1.255170672188551384e-01
4.642140742530438402e-01
6.240332996708233271e-01
8.285299465753178660e-01
5.903567672889109552e-01
7.934154758853576572e-01
1.232618083310031754e+00
1.212614253537992015e+00
7.354676032903776361e-01
0.000000000000000000e+00
0.000000000000000000e+00
3.727805518820799802e-01
0.000000000000000000e+00
3.599721378267580624e-02
3.611045309452813601e-02
5.656781477497715982e-02
3.238510178673815187e-01
2.875540430860626384e-01
5.304614089595489634e-01
9.408512617269445544e-01
8.634772913089945323e-01
1.407382459001794928e+00
1.016596217286262593e+00
1.439992352755647520e+00
1.211670954794177524e+00
6.562451395325631376e-01
0.000000000000000000e+00
0.000000000000000000e+00
2.854078837250365736e-02
0.000000000000000000e+00
1.016833232132508813e-01
0.000000000000000000e+00
7.451339138552293129e-01
1.164170792862094517e-01
3.586582374495006498e-01
3.690429982208169868e-01
6.841560492264634474e-01
6.432901315378585227e-01
1.311913279613592387e+00
1.216399245146032371e+00
1.361703150574189891e+00
1.460520107389222888e+00
1.731355027165595306e+00
1.004861920381234563e+00
0.000000000000000000e+00
0.000000000000000000e+00
0.000000000000000000e+00
0.000000000000000000e+00
1.216753046758230553e-02
1.533129555749583040e-01
2.874250668018837190e-02
5.602609153299589057e-02
5.493796465812128549e-01
4.222674051043457943e-01
3.487844224397070314e-01
5.843170338806032982e-01
4.080245494387793603e-01
8.209838089539580608e-01
1.110881075046331379e+00
1.539977244477004792e+00
1.439329167521603781e+00
6.680627878749781923e-01
4.199333469441954292e-01
0.000000000000000000e+00
0.000000000000000000e+00
0.000000000000000000e+00
0.000000000000000000e+00
1.377193027395783725e-02
3.773731519706307463e-02
1.603382809313368823e-02
1.220980062175403419e-01
6.458016546372619127e-02
3.200080363790613891e-01
7.599846998743183812e-01
4.579205811149442140e-01
5.091770596233187174e-01
1.110545207050705807e+00
7.315793768244593931e-01
1.303447781180242959e+00
7.500446939908026467e-01
1.088092284994626180e+00
7.547042098922871478e-01
2.440974541581048818e-01
0.000000000000000000e+00
0.000000000000000000e+00
0.000000000000000000e+00
0.000000000000000000e+00
2.972013618777103253e-02
2.775333498763081844e-02
8.829744779938343557e-03
4.497206758310494379e-02
1.305308850119973607e-01
8.122894469961745856e-02
1.435261187941944128e-01
3.517494062426302914e-01
2.201249836921239655e-01
3.143394396226970033e-01
8.913104418808858176e-01
3.955808031095777721e-01
6.388261602233353820e-01
2.144326596249069627e+00
5.135913943317148567e-01
3.655159284819180510e-01
2.663607113903168067e-01
0.000000000000000000e+00
0.000000000000000000e+00
0.000000000000000000e+00
0.000000000000000000e+00
0.000000000000000000e+00
1.791750444025301189e-02
5.176440524350505758e-03
2.518006882452724152e-02
5.694565438663963530e-02
5.192258840397518532e-02
1.522692179429731230e+00
1.016343209325031971e+00
1.883264896982210779e-01
2.431414366974007368e-01
4.740216764890620715e-01
9.465987415330192611e-01
8.406478460878082926e-01
5.146519511644782607e-01
3.223360528523338542e-01
2.457875673445595877e-01
3.191013104546691070e-01
4.290889695094120271e-02
