3.763518202425949035e-04
8.285208264689146972e-04
5.508787364459969381e-04
1.038120783385602063e-03
1.460225306040847286e-03
0.000000000000000000e+00
2.563165760209920249e-03
1.431862906350067155e-03
4.228498380429074333e-03
0.000000000000000000e+00
0.000000000000000000e+00
1.391717750090543928e-03
7.531954091853180003e-03
7.916803773140378142e-03
1.476146456822283572e-03
0.000000000000000000e+00
0.000000000000000000e+00
1.008885389429878786e-02
8.097131767365886579e-03
2.833852137996400750e-03
6.349970950137047085e-03
0.000000000000000000e+00
0.000000000000000000e+00
0.000000000000000000e+00
0.000000000000000000e+00
0.000000000000000000e+00
5.080284999179576766e-03
1.824638928703629578e-03
0.000000000000000000e+00
0.000000000000000000e+00
3.030139440435522958e-03
5.824040363259737341e-03
6.317620141325184548e-03
4.301287109680545021e-03
4.800356399653388922e-03
4.825352440556708068e-03
0.000000000000000000e+00
5.418620382869374086e-03
4.484333589130858749e-03
0.000000000000000000e+00
2.736368476382109241e-02
1.334504533300525297e-03
2.767690247007887488e-02
8.674584580368767742e-03
7.003159295584203935e-03
1.868400343616414758e-02
0.000000000000000000e+00
1.345148877809200678e-02
0.000000000000000000e+00
8.333949341924565268e-03
1.282799621802018300e-02
8.178975256908339875e-03
1.224532991633809492e-02
1.962318832856912651e-02
2.072688382883940486e-02
0.000000000000000000e+00
7.070692001403280913e-02
1.515611954686964420e-02
5.814677719413393307e-03
1.874719859236684966e-02
3.760000194318060662e-03
2.597802150505977223e-02
5.088271194042777619e-03
2.143141855864032566e-02
1.244380807503664768e-02
2.395155050006382916e-02
0.000000000000000000e+00
0.000000000000000000e+00
0.000000000000000000e+00
8.553696323624873817e-04
1.235093084130027552e-02
1.106672653942780173e-02
3.622812722543311548e-02
1.017189926586217069e-02
2.227586949630162155e-02
6.185861792144628502e-02
4.364708249929022399e-02
1.729242146914239039e-02
0.000000000000000000e+00
0.000000000000000000e+00
0.000000000000000000e+00
1.062471868106507761e-02
8.909176765023500699e-03
2.580508766043194610e-02
4.334134662131644555e-02
1.420341808499986543e-02
1.583171401148332838e-02
3.115608111976888445e-02
3.379903610353952176e-02
2.506290481766322575e-02
3.008568313504959499e-02
1.360291355559908599e-01
0.000000000000000000e+00
6.412857136366208362e-03
0.000000000000000000e+00
0.000000000000000000e+00
1.843405566932043629e-03
3.956175478204546764e-02
6.501550289630680804e-04
1.197418903055973496e-02
1.122981758120583512e-01
1.156493970493823256e-02
5.066471508745733210e-02
6.134531735103664757e-02
3.186093666891442328e-02
0.000000000000000000e+00
0.000000000000000000e+00
0.000000000000000000e+00
0.000000000000000000e+00
0.000000000000000000e+00
0.000000000000000000e+00
0.000000000000000000e+00
5.062464824725459306e-02
5.761408622202328356e-02
1.546433381600755691e-02
1.092528815983450086e-01
9.389663474394029097e-02
6.473501857184228714e-02
8.963704151453610880e-02
4.485668814282666589e-02
0.000000000000000000e+00
0.000000000000000000e+00
0.000000000000000000e+00
0.000000000000000000e+00
0.000000000000000000e+00
0.000000000000000000e+00
1.329527287138098923e-01
3.774152908899312125e-02
4.124868124120434354e-02
8.612029737679112451e-02
2.312928748665242160e-02
1.685324599953020031e-01
1.148480815967105745e-01
6.566962937186560101e-02
1.039687774177647100e-01
5.409440086499797684e-02
0.000000000000000000e+00
0.000000000000000000e+00
0.000000000000000000e+00
0.000000000000000000e+00
0.000000000000000000e+00
5.169753127277212923e-02
0.000000000000000000e+00
0.000000000000000000e+00
0.000000000000000000e+00
1.021615810918972411e-01
0.000000000000000000e+00
4.996064959852469095e-02
0.000000000000000000e+00
9.692481210544426351e-02
5.853165019756251253e-01
2.020178895648643835e-01
5.552198941437025415e-02
0.000000000000000000e+00
0.000000000000000000e+00
0.000000000000000000e+00
0.000000000000000000e+00
0.000000000000000000e+00
2.344995645301339859e-01
0.000000000000000000e+00
6.017631689453545318e-03
0.000000000000000000e+00
8.304396706765795541e-03
1.542070246610102169e-01
2.479471798248131589e-02
1.142314972860282996e-01
1.588403285111141261e-01
0.000000000000000000e+00
1.453984843342789046e-01
1.856033466333777970e-01
1.537132958420645568e-01
0.000000000000000000e+00
0.000000000000000000e+00
0.000000000000000000e+00
0.000000000000000000e+00
0.000000000000000000e+00
0.000000000000000000e+00
0.000000000000000000e+00
6.750440248495660593e-03
0.000000000000000000e+00
0.000000000000000000e+00
0.000000000000000000e+00
0.000000000000000000e+00
6.748130212538684392e-01
1.917229288296236067e-01
3.119054367307041303e-02
3.147121102173418283e-02
1.378932916216728533e-01
5.232115523954040948e-02
0.000000000000000000e+00
0.000000000000000000e+00
0.000000000000000000e+00
0.000000000000000000e+00
0.000000000000000000e+00
0.000000000000000000e+00
0.000000000000000000e+00
0.000000000000000000e+00
0.000000000000000000e+00
0.000000000000000000e+00
9.186088693932730961e-03
0.000000000000000000e+00
6.121576114156157718e-03
0.000000000000000000e+00
3.047119711644070694e-01
1.730433064154401207e-02
2.896016093701151983e-01
4.088107157857758245e-01
0.000000000000000000e+00
0.000000000000000000e+00
1.555052229912354256e-01
0.000000000000000000e+00
0.000000000000000000e+00
0.000000000000000000e+00
0.000000000000000000e+00
0.000000000000000000e+00
0.000000000000000000e+00
5.700515272575253783e-03
0.000000000000000000e+00
0.000000000000000000e+00
0.000000000000000000e+00
0.000000000000000000e+00
0.000000000000000000e+00
0.000000000000000000e+00
0.000000000000000000e+00
0.000000000000000000e+00
5.269671483934404987e-01
4.979797287392086491e-01
2.213688997609880582e-01
0.000000000000000000e+00
3.502526968500564719e-02
0.000000000000000000e+00
0.000000000000000000e+00
0.000000000000000000e+00
0.000000000000000000e+00
0.000000000000000000e+00
0.000000000000000000e+00
0.000000000000000000e+00
0.000000000000000000e+00
0.000000000000000000e+00
0.000000000000000000e+00
0.000000000000000000e+00
0.000000000000000000e+00
0.000000000000000000e+00
0.000000000000000000e+00
0.000000000000000000e+00
0.000000000000000000e+00
0.000000000000000000e+00
0.000000000000000000e+00
0.000000000000000000e+00
0.000000000000000000e+00
0.000000000000000000e+00
0.000000000000000000e+00
0.000000000000000000e+00
3.571645233130243003e-04
1.269073433547717377e-03
5.965817313788126554e-04
6.121833216509426192e-04
2.663891985415204992e-03
2.158972441775161046e-03
1.407518375121066985e-03
1.760917522287831338e-03
2.049222614332730369e-03
3.462215899332829385e-03
1.497262420065555112e-03
1.197968587891545767e-03
1.487554539817740728e-03
1.250267685600060016e-03
2.950649873378600411e-03
1.426017199384905631e-03
2.534773849982511172e-03
1.300085106229534587e-03
2.413712365982295834e-03
2.606970638690829078e-03
1.663610711682470813e-03
0.000000000000000000e+00
2.254652418366454979e-03
3.848715141324069149e-03
5.277993559214618977e-03
4.697098804669985403e-03
6.584454647648097479e-03
6.061196589054345697e-03
5.462680599199440205e-03
3.090422466208042878e-03
3.607176033757951861e-03
4.192196847822409096e-03
7.291800412337728389e-03
6.879826481560315406e-03
7.962256344171293049e-03
3.980771830760197749e-03
8.546510790243772113e-04
1.677781998075886585e-02
2.650745492135057457e-03
5.142603042695631684e-03
1.252533823595324176e-02
6.968059421965243534e-03
1.113964782066356046e-02
8.133924463022150844e-03
7.488861031013707530e-03
0.000000000000000000e+00
6.011907932324545185e-03
8.930383474756588280e-03
4.800371822155058768e-03
2.203657080856203862e-02
7.725604021683793281e-03
1.211424644040289336e-02
1.310092713556778102e-02
1.356358076730332894e-02
1.214987521574073352e-02
0.000000000000000000e+00
7.704376912530698767e-04
4.879213629521202827e-03
6.376272258417001876e-03
8.877141239684003399e-03
7.613011102608696970e-03
1.106929218962012483e-02
1.144963070178506639e-02
2.436657884984145053e-02
1.548938079607539882e-02
1.076143975720506019e-02
9.322052576235341503e-03
0.000000000000000000e+00
9.961793585216378866e-03
8.047237653019255477e-03
1.017092680738514686e-02
1.133260073523979783e-02
2.204610505582709976e-02
2.001278137735533827e-02
1.933439931212196580e-02
2.263825359370386439e-02
1.974298153640527062e-02
1.661826730414078801e-02
6.561217802139906845e-03
0.000000000000000000e+00
1.135641919285873200e-02
1.501135183127282578e-02
1.292242133974478083e-02
2.081424723204119628e-02
1.850793381420182820e-02
1.757031614195183472e-02
2.780318447413026098e-02
2.335311716864887227e-02
2.442391442928391540e-02
3.401020411025072049e-02
2.440359505690523761e-02
1.113370935578083219e-02
5.119228572341639333e-02
0.000000000000000000e+00
1.791828296997757808e-02
1.332861973247298840e-02
3.413453477839550193e-02
3.158863412867003728e-02
3.166697795032361040e-02
2.498994955449638372e-02
3.462491233125937484e-02
3.195276157454862709e-02
3.213969514059648175e-02
3.952941503204821655e-02
3.145387031692432195e-02
0.000000000000000000e+00
0.000000000000000000e+00
0.000000000000000000e+00
0.000000000000000000e+00
2.768003626988687835e-02
7.726461355943595134e-04
4.713363361592062123e-02
1.223420086734513731e-02
2.345615021123795621e-02
4.160503150002799883e-02
3.327621285353757341e-02
5.235094231016468314e-02
5.675557538539195701e-02
4.594088239639180365e-02
3.910585515806199591e-02
0.000000000000000000e+00
0.000000000000000000e+00
0.000000000000000000e+00
0.000000000000000000e+00
0.000000000000000000e+00
4.186356621479158518e-02
1.277770545541761227e-01
2.826817303955097421e-02
3.666758123099093936e-02
4.938766841025168247e-02
4.365991283539955026e-02
5.243060792508841272e-02
5.495253639691533715e-02
7.704053851547047749e-02
6.322270194653241415e-02
4.843899383589048840e-02
0.000000000000000000e+00
0.000000000000000000e+00
1.810383133640585188e-02
0.000000000000000000e+00
4.572347805393305910e-03
0.000000000000000000e+00
5.133130705013543016e-02
6.379289569085568046e-02
4.100684972002031220e-02
4.577180665701209572e-02
9.006920168015118688e-02
8.334252027682025055e-02
7.176755038998132441e-02
9.440247061336282108e-02
7.499082269617049490e-02
8.091661200910654772e-02
8.767221548667082642e-02
0.000000000000000000e+00
0.000000000000000000e+00
0.000000000000000000e+00
0.000000000000000000e+00
3.075370995482806444e-03
3.655584564778066679e-03
5.746819577959162428e-01
4.818459828720711435e-02
1.391343548557469161e-02
7.819758432551572602e-02
4.563474585972659980e-02
5.086814947567077499e-02
4.593661052607909273e-02
1.048040960117289921e-01
9.872722791921505203e-02
9.039915286445383835e-02
7.418760618962949582e-02
6.600654086942325804e-02
0.000000000000000000e+00
0.000000000000000000e+00
0.000000000000000000e+00
0.000000000000000000e+00
0.000000000000000000e+00
0.000000000000000000e+00
0.000000000000000000e+00
6.110975186654430888e-03
8.551464072884281883e-03
2.380275810056283470e-01
4.362784628786207236e-02
4.765639450453226095e-02
1.010416683246189440e-01
8.257666987280419535e-02
6.752923915028133384e-02
1.086825349345056230e-01
6.857332096620596951e-02
7.063220215872896557e-02
6.587382836472911729e-02
0.000000000000000000e+00
0.000000000000000000e+00
0.000000000000000000e+00
0.000000000000000000e+00
0.000000000000000000e+00
0.000000000000000000e+00
3.324840785522506763e-03
0.000000000000000000e+00
5.854503794987263310e-02
5.328495517694574642e-03
6.230256388296113307e-02
7.920806658253796984e-02
9.292097266408741452e-02
6.048040270304286953e-02
9.509346018439716886e-02
4.216992360866258366e-02
4.200086217130111210e-02
1.716326350105436271e-01
1.544365295942295435e-01
3.524697016500447783e-02
0.000000000000000000e+00
0.000000000000000000e+00
0.000000000000000000e+00
0.000000000000000000e+00
0.000000000000000000e+00
0.000000000000000000e+00
3.340721347333724771e-03
0.000000000000000000e+00
0.000000000000000000e+00
4.289869834271416681e-03
7.656510177644149442e-03
5.590051313523509285e-02
3.683021157527937173e-03
5.407596293037816859e-02
5.133584715131337024e-03
6.013076499951557352e-01
7.531667189919444283e-02
2.245341747059438620e-02
9.382271925890312003e-02
3.125124100390325871e-02
6.629858823088145836e-02
0.000000000000000000e+00
0.000000000000000000e+00
0.000000000000000000e+00
0.000000000000000000e+00
0.000000000000000000e+00
0.000000000000000000e+00
6.634340404569130656e-02
0.000000000000000000e+00
0.000000000000000000e+00
2.359930999632873106e-03
0.000000000000000000e+00
4.832296079100361075e-01
0.000000000000000000e+00
0.000000000000000000e+00
1.941420827964381035e-01
6.907881124529027979e-03
2.765765560179685167e-02
1.340100893416948935e-01
7.179557412235848535e-02
4.228228385510781479e-02
3.179922902928077055e-02
5.095724754011946717e-02
1.349643012188530601e-04
4.065153077465364587e-04
4.904758882349293837e-04
1.191797158891325960e-03
5.452011508069454226e-04
6.562852893129735845e-04
1.036483639215599875e-03
7.120810320929171246e-04
6.808399748499072103e-04
4.680797721492799962e-04
7.814962377363006028e-04
1.293923003434953051e-03
6.999544755126515258e-04
8.081794134445932469e-04
5.669696020257155872e-04
4.670908479715760696e-04
8.835623880156112404e-04
1.015726210342296747e-03
1.089902127394667746e-03
1.201208990535908338e-03
8.669057878685800097e-04
1.133945307869919797e-03
3.169159602992352182e-03
1.550348346079341620e-03
1.331386984275431716e-03
2.505069982109641401e-03
2.046581847480364539e-03
9.371039430776334587e-04
1.018154967842316771e-03
2.069163081261726246e-03
1.654186313931589906e-03
3.772490048035734549e-03
3.696599126916172949e-03
2.411730826734442140e-03
2.378966119410999905e-03
1.585360012541986397e-03
2.917190449315290005e-04
2.408977052223509451e-03
1.223414956724063613e-03
2.820088343047421307e-03
3.596134213196878950e-03
3.361022118566888914e-03
3.856113820164553015e-03
3.533892837900302376e-03
2.383304494190772657e-03
3.648051659628317924e-03
8.076077114677967725e-03
2.908140375105834879e-03
8.873806439896962314e-03
7.414077140510023575e-03
3.437604410554591112e-03
5.450671899861188850e-03
3.799600004266444168e-03
5.144069861979471553e-03
3.468695676524956653e-03
2.658174204502799370e-03
0.000000000000000000e+00
7.342338044434521503e-03
1.770513703466152335e-03
4.101792068196340006e-03
4.280909430408079246e-03
5.473842682033987043e-03
6.534342931542973243e-03
5.986763818330147549e-03
5.319953716164577823e-03
3.743811744014017163e-03
6.538046411544905191e-04
8.978525798373237533e-04
5.131903077147943575e-03
7.981457993540866727e-03
5.814861663314475557e-03
4.661092336326030754e-03
7.801959362100817016e-03
8.026539037556654904e-03
8.649940204234193852e-03
8.149862899786501289e-03
8.566775672932284980e-03
5.446830094658065835e-03
1.078364821702015516e-02
1.691818759264372826e-03
6.395453157078113265e-03
3.128782748812874645e-03
5.849866465633845290e-03
7.382560763202442901e-03
9.274865339817993382e-03
1.129429699499362449e-02
6.994866476435292885e-03
1.055206993908911796e-02
1.159394585046061299e-02
1.102558661333200019e-02
8.123935919299975217e-03
4.503530476434505075e-04
0.000000000000000000e+00
2.192251747737683065e-03
4.535387908810756784e-03
8.243493579154751241e-03
1.427377446455967494e-02
1.175757852456487361e-02
1.513995483528640142e-02
1.388505265902123184e-02
1.206120895018468128e-02
1.525632339771285095e-02
1.602950518529861965e-02
1.300948119247308937e-02
9.051693325735001017e-03
0.000000000000000000e+00
0.000000000000000000e+00
2.115277564671022917e-02
7.417015343956854211e-03
3.649713272027710863e-03
1.503054693408744681e-02
1.668849003945915149e-02
1.453420430277155805e-02
1.202145955267257434e-02
2.012591248713534869e-02
1.774964780621648627e-02
2.071464803480813077e-02
2.283515481162847263e-02
1.847633108416095460e-02
1.255497852632973636e-02
0.000000000000000000e+00
0.000000000000000000e+00
1.976961231506291564e-02
2.690366119215711546e-02
4.113662223415599957e-03
2.103725809791176168e-02
1.864441019475886543e-02
1.807774782207722045e-02
2.686528867493524764e-02
2.159424434165175058e-02
2.503437427724344161e-02
3.831592200009042298e-02
2.379872986523180745e-02
2.373106954597718754e-02
2.092927806984688777e-02
1.620401025702595740e-02
0.000000000000000000e+00
0.000000000000000000e+00
0.000000000000000000e+00
7.176012673843205902e-03
0.000000000000000000e+00
3.406844423607253026e-03
4.245029068690937130e-02
4.447660827471361378e-02
6.042579144122463969e-02
3.157546249274240102e-02
3.198695554711540601e-02
3.710324664967452890e-02
3.096137604426032683e-02
3.600862256739588430e-02
3.226159062140295658e-02
2.571657669112614730e-02
1.807122908726179616e-02
0.000000000000000000e+00
0.000000000000000000e+00
0.000000000000000000e+00
1.250979332316685122e-01
0.000000000000000000e+00
2.553085952775314450e-03
5.342581701323656507e-02
2.035507674181576653e-03
2.153176817353265327e-02
2.547612776936047582e-02
4.722686334241534695e-02
3.064795770723840324e-02
3.722380953712583346e-02
4.406080909222934161e-02
3.580931176570237295e-02
3.352291791406061816e-02
3.474580836578960996e-02
2.455318310945961424e-02
0.000000000000000000e+00
0.000000000000000000e+00
0.000000000000000000e+00
0.000000000000000000e+00
0.000000000000000000e+00
2.747318311214338050e-03
7.326822342076282427e-03
1.860614604236085013e-03
3.631850187417353607e-03
5.559964904962370891e-02
2.790545855255286908e-02
7.351670494364284658e-02
6.406591984809968665e-02
1.719672254644618800e-02
4.879995084915945275e-02
3.869189751596870813e-02
4.649598469239620002e-02
2.633591748591216850e-02
1.532653351454760400e-02
0.000000000000000000e+00
0.000000000000000000e+00
0.000000000000000000e+00
0.000000000000000000e+00
0.000000000000000000e+00
2.110911065374543923e-03
0.000000000000000000e+00
0.000000000000000000e+00
1.860008406847103724e-02
3.481236640480772984e-03
9.439426507468232086e-02
5.574694378956863289e-02
2.000467296201257836e-02
3.712231783257435164e-02
7.505870894467500665e-02
4.595786105780420849e-02
4.002556692104902031e-02
2.789493602872801167e-02
2.880741713971913739e-02
1.140369036896701251e-02
0.000000000000000000e+00
0.000000000000000000e+00
0.000000000000000000e+00
0.000000000000000000e+00
0.000000000000000000e+00
1.853904810467782698e-03
0.000000000000000000e+00
3.708729179990663451e-03
0.000000000000000000e+00
6.437142381230150090e-02
2.143080286445817051e-03
1.936883034086845923e-01
6.369342713674426559e-02
6.690491525294887248e-03
5.707991132982577487e-02
5.641816512409244394e-02
5.423204967525517561e-02
3.898384093417778945e-02
2.828427469370424843e-02
3.003843585595335902e-02
8.069277113141915675e-03
0.000000000000000000e+00
0.000000000000000000e+00
0.000000000000000000e+00
0.000000000000000000e+00
0.000000000000000000e+00
0.000000000000000000e+00
1.663970302414277506e-03
0.000000000000000000e+00
0.000000000000000000e+00
0.000000000000000000e+00
1.323141581185289031e-03
7.911775137928803159e-02
4.803996476409932818e-03
0.000000000000000000e+00
5.896791405116864199e-02
8.808338884272785829e-02
0.000000000000000000e+00
5.386859766937334565e-02
3.933021518092127272e-02
6.478277796193496196e-02
2.259425788419679865e-02
0.000000000000000000e+00
1.471661380004096362e-04
2.364588245032953550e-04
2.093269377126806649e-04
4.179072678684692360e-04
2.825752951235547964e-04
3.292263520455754799e-04
4.410640180890434644e-04
6.051330110275623215e-04
4.068516375111670236e-04
4.127145884493007948e-04
6.425157308296347352e-04
5.317035270176929561e-04
5.972264095221433734e-04
7.475053256390012035e-04
5.838282482497625381e-04
2.636809386604569479e-03
8.682899986556476052e-04
1.117005945740030034e-03
8.870410090900318753e-04
8.934941039250550790e-04
9.160852237147043900e-04
1.308345601713874944e-03
1.772969632284679149e-03
3.584934316156825236e-03
1.108913183593078240e-03
1.347525539450774440e-03
1.193821816075204016e-03
9.542090883088986302e-04
1.024730006608681656e-03
1.330663831871986384e-03
6.890157908818209326e-04
2.414968364257413271e-03
2.570336114743978096e-03
2.002325188457539182e-03
1.602109144988980889e-03
1.347736385644652916e-03
1.952661126912993202e-03
3.022494866982024502e-03
1.184802762360718381e-03
2.510214467695049984e-03
2.311914114824805463e-03
2.606801741843106646e-03
3.084451328425822335e-03
2.412572382281089577e-03
1.834341599364841145e-03
3.710380245098046886e-04
2.687840692057223094e-03
3.337500637992831063e-03
3.104199063999942259e-03
2.634071085542024401e-03
3.263716016235615122e-03
3.611537285727070643e-03
3.517550227515611749e-03
3.550142078951532432e-03
2.119292340266784851e-03
6.125122308365647458e-03
4.414587835764549779e-03
2.900326746820963524e-03
1.122402213501459342e-02
4.143703139662075624e-03
4.796770898125902322e-03
4.542741341693306775e-03
4.863227265436660847e-03
4.556852598546559663e-03
4.543248078668021481e-03
3.262041679488440152e-03
5.762730347647493021e-03
1.324597060964862339e-03
2.094894596798038862e-03
6.014268116002388816e-03
4.764626348927561428e-03
6.945634810284989288e-03
7.498714288768882144e-03
5.691254616951165260e-03
6.265288776006834245e-03
6.375813682222140899e-03
6.439901260721894206e-03
4.674234369965200170e-03
0.000000000000000000e+00
6.928090878934986888e-03
3.610319877193117911e-03
3.987892320934422093e-03
5.606317222887542175e-03
1.083778592896185618e-02
6.269125130687202771e-03
7.208373853019063061e-03
8.964611805106319220e-03
7.957929335257820508e-03
8.025326361258564023e-03
8.057028399966904147e-03
5.934989161546060273e-03
0.000000000000000000e+00
3.046985927065972376e-04
7.650587426804119316e-03
5.701653406482026093e-03
1.820885498110933528e-03
8.640023055232788976e-03
1.051722198625102030e-02
1.038311099713255109e-02
1.107743271452909031e-02
1.027371473836860387e-02
1.144576413415814356e-02
1.084937656330991346e-02
1.037746408049093280e-02
7.358816438293116005e-03
2.933428756526633191e-04
0.000000000000000000e+00
3.318652360431332410e-03
9.423178483467759903e-04
1.978395645933503713e-02
1.805838108402888290e-02
1.438908771410353157e-02
1.174305421052894600e-02
1.360775178332316628e-02
1.613298887472141771e-02
1.940635213485799801e-02
1.472670936670902875e-02
1.505183443552209240e-02
1.374175394501416132e-02
8.801114192211766107e-03
0.000000000000000000e+00
0.000000000000000000e+00
3.487145567737749002e-02
2.163348458346029540e-02
7.096978886066230251e-03
7.837232395266067672e-03
1.300152549346128734e-02
2.230711930030138818e-02
2.310004069218693154e-02
1.929217530767004737e-02
1.948411908548800670e-02
2.399191327563684334e-02
2.103215165313598173e-02
1.847900537805442431e-02
1.872383936581155373e-02
1.163173864701816385e-02
0.000000000000000000e+00
0.000000000000000000e+00
0.000000000000000000e+00
0.000000000000000000e+00
0.000000000000000000e+00
2.216771091322576950e-02
7.242017034420566990e-03
2.901491601247117511e-02
2.753512129157233493e-02
1.448913469850601939e-02
3.721445388472528759e-02
2.794181212105710868e-02
3.254233893968856706e-02
2.893372902170066041e-02
2.388109070378130472e-02
1.993023455908561614e-02
1.438415813832567315e-02
0.000000000000000000e+00
0.000000000000000000e+00
0.000000000000000000e+00
0.000000000000000000e+00
1.399133024033901709e-03
1.690457373690096646e-02
3.427080119549958358e-03
7.336812836057451416e-03
1.410560341880415236e-02
1.103627027233144986e-02
2.213910197947809369e-02
2.242743172045439867e-02
2.263565358573882760e-02
3.002841613101198473e-02
2.841876769411638345e-02
2.478830526572586498e-02
2.075492997396508402e-02
1.332292692876058809e-02
0.000000000000000000e+00
0.000000000000000000e+00
0.000000000000000000e+00
0.000000000000000000e+00
0.000000000000000000e+00
1.468341150231783137e-03
3.655865197207851074e-03
1.661370811372781149e-03
3.663699842248110093e-03
7.742938945036660636e-02
6.379312533668887730e-02
4.413498738442695607e-02
4.599623973512678016e-02
2.659482187396216418e-02
3.891552208124964690e-02
2.709727460836750326e-02
2.750263195454608067e-02
2.329374615915277835e-02
1.697133929726286905e-02
0.000000000000000000e+00
0.000000000000000000e+00
0.000000000000000000e+00
0.000000000000000000e+00
9.592478591141890632e-04
1.470312802398947728e-03
1.335776421485507411e-03
3.259678098089000258e-03
1.995905765311111000e-03
2.541819779352015932e-03
5.841613040364339315e-02
8.771463075433479084e-03
5.562696049386864350e-02
3.784347353666105834e-02
4.594135553256943616e-02
4.436247548811481090e-02
3.472024010314514464e-02
3.407044099310790192e-02
2.637133947956425348e-02
1.684925750440382716e-02
0.000000000000000000e+00
0.000000000000000000e+00
0.000000000000000000e+00
0.000000000000000000e+00
0.000000000000000000e+00
0.000000000000000000e+00
0.000000000000000000e+00
1.362882078656533266e-03
1.546762204839513761e-03
2.954626919482403104e-03
1.785379109280562093e-01
3.663264152303750184e-03
8.658330865235930318e-03
7.132571788778099137e-03
6.700827803822238804e-02
4.303025688342254629e-02
5.378347359348372575e-02
2.976521100177225918e-02
2.248217586291370584e-02
2.116191102331940396e-02
2.001505092622651513e-02
0.000000000000000000e+00
0.000000000000000000e+00
0.000000000000000000e+00
0.000000000000000000e+00
0.000000000000000000e+00
0.000000000000000000e+00
1.243417130582415674e-03
1.471095422556634603e-03
1.996750571224171523e-03
2.302317779254829406e-03
1.380812832548903007e-03
9.318939614345218836e-02
3.178762363828477669e-03
6.151683518342511946e-03
7.340156140749920857e-03
6.478761761427297150e-02
3.268557950768422732e-02
4.107852141947217206e-02
4.891621170346437814e-02
2.304709002222364578e-02
2.335918298228124509e-02
1.300765903771263637e-02
1.750642026701438540e-04
2.153637919742642907e-04
1.458491052336257201e-04
3.341985508628572969e-04
2.809376217872840793e-04
2.096487970286689713e-04
4.231089220226400970e-04
4.790911488560450687e-04
3.907573420764282588e-04
2.344871873684677393e-04
4.316320351054734228e-04
5.174216715571456184e-04
6.096777058528929372e-04
5.018780821821602553e-04
4.247187668044361724e-04
6.171604195348972264e-04
6.316645561213122921e-04
1.061624649804155307e-03
9.150908746729687331e-04
7.719558428647086421e-04
6.005363757341502118e-04
9.479601976879546265e-04
1.214588418529338959e-03
1.093736390048808890e-03
1.328140525188901922e-03
9.914960065192043610e-04
9.939071552335931609e-04
7.113536968816815565e-04
8.734271274980087577e-04
1.147723330115001756e-03
1.276485174336156785e-03
1.186948850776301575e-03
1.737393402976761172e-03
1.329224648595757341e-03
1.449897626117291815e-03
1.005207365714809280e-03
1.116396758628779556e-03
1.779274556749333661e-03
2.231863493872834718e-03
1.822273016752409261e-03
2.132415496555951657e-03
1.839046997230151101e-03
1.875696189458248833e-03
2.011995329340174419e-03
1.432754641690018454e-03
2.286893675447872025e-03
3.915145947721405777e-03
4.715576257445061766e-03
2.335295003945443617e-03
2.623062725139012428e-03
2.758814469291813367e-03
2.379557886162008383e-03
2.741392802147025933e-03
3.222535738743607849e-03
1.732164609727520873e-03
1.699183792799122085e-03
2.566763137672412216e-03
2.342138458409048253e-03
4.478524642481982766e-03
3.229215085349141940e-03
4.030853593307604475e-03
4.253664509226965165e-03
3.755828606053196895e-03
3.577207651693614654e-03
3.876010035330462993e-03
2.922833650773643422e-03
5.102455445872288407e-03
4.136324078470010254e-03
3.429739090175544340e-03
7.879464947437001335e-03
4.408031479362970947e-03
3.992299368308196809e-03
5.326843631795668242e-03
4.435367577485697238e-03
5.162961999743127459e-03
5.280412466626562863e-03
4.991227789980220986e-03
3.701592865438459255e-03
6.999682101320322484e-04
6.617084789093619947e-03
1.022418752738587025e-02
7.119828803534207842e-03
8.350184925674056582e-03
6.289119109939861167e-03
4.718126136762130704e-03
7.020390692680054424e-03
6.686176986264541662e-03
6.616870294570571451e-03
6.746476848854688312e-03
6.866585593470930088e-03
4.850173377888095973e-03
1.582461486179842980e-03
1.370917275510857109e-03
7.360893257145001770e-03
3.845940327348802961e-03
7.351481095750604482e-03
9.284849208031926288e-03
8.008830871717633609e-03
1.040550460018777566e-02
9.306967888132195582e-03
9.070084768536910286e-03
9.314241569142353919e-03
8.847129614754617455e-03
8.616014062517735744e-03
5.895404279761799586e-03
0.000000000000000000e+00
4.569810711962055821e-03
1.408984630696686301e-02
2.163398133048725219e-03
1.115589292536208962e-02
9.311759753359521649e-03
9.491079743799212681e-03
8.612059324224968088e-03
1.350772184072700742e-02
1.277573669423785578e-02
1.702202371770541664e-02
1.676729738423160879e-02
1.193685556331046220e-02
1.117030638886218515e-02
8.274499674204453814e-03
0.000000000000000000e+00
3.041351025182745943e-02
0.000000000000000000e+00
0.000000000000000000e+00
2.496426025763975876e-02
1.455267057261001341e-02
7.584069071475891752e-03
1.348187723204769331e-02
1.704310116365397032e-02
1.786346140569938790e-02
1.737549815536670872e-02
1.629649045972369689e-02
1.670265552864504816e-02
1.525207815996335210e-02
1.470700156756894056e-02
9.450708180617816215e-03
0.000000000000000000e+00
1.177233514135236220e-02
4.755610117783716506e-02
1.339664648345306438e-03
6.012023863800473877e-03
8.289304355985994965e-03
2.344883183968927357e-04
2.497201829948976839e-02
1.657633715021803941e-02
3.437272769999614314e-02
2.092626029890099285e-02
2.362676558450029982e-02
2.900905727867075790e-02
2.110635965577278145e-02
2.123459335755660538e-02
1.789734359838946604e-02
1.100780533796086487e-02
0.000000000000000000e+00
0.000000000000000000e+00
0.000000000000000000e+00
0.000000000000000000e+00
3.009196733827149660e-03
1.793289938257422922e-03
2.170992504429727563e-02
1.921226025434463053e-02
3.897415206399036658e-02
3.863241877378522510e-02
2.265222269506731931e-02
2.344924205584923357e-02
2.237243384760518108e-02
2.391317521921186573e-02
2.100062845502361636e-02
2.139509967578924129e-02
1.873370292274843113e-02
1.180237820384430480e-02
0.000000000000000000e+00
0.000000000000000000e+00
0.000000000000000000e+00
0.000000000000000000e+00
1.584596581185264376e-03
2.460846602741687331e-03
2.687544572711419652e-02
2.729753202789864108e-02
1.639941082960191809e-02
4.320099484868326900e-02
3.431472713159521709e-02
2.301176944635265412e-02
3.115914268325136252e-02
3.413656964952425238e-02
2.991885307630383004e-02
2.566775833637851070e-02
2.661791317532294365e-02
1.991896941956398936e-02
1.182086783386535750e-02
0.000000000000000000e+00
0.000000000000000000e+00
0.000000000000000000e+00
0.000000000000000000e+00
0.000000000000000000e+00
1.323024194174079928e-03
1.116720138304096305e-01
1.222022443122282830e-02
3.440424068000697173e-03
7.719252855634166355e-02
1.286076020797336482e-02
3.481967194972109686e-02
2.903781309069946789e-02
3.595126983967265877e-02
7.881051990847248723e-02
1.926251946641928739e-02
1.737920669080430386e-02
3.861521427000970397e-02
1.717309729921584482e-02
1.025014243348100658e-02
0.000000000000000000e+00
0.000000000000000000e+00
0.000000000000000000e+00
0.000000000000000000e+00
0.000000000000000000e+00
1.523853489645852653e-03
2.573784474719673261e-03
8.532255173294388262e-03
9.712776687785404373e-02
3.795817987120184839e-02
5.654475428520630391e-03
5.277810227989176983e-03
1.998350994011654710e-02
9.368533362150311544e-03
4.145190887060021950e-02
2.684560209898484082e-02
2.687183115235259115e-02
3.149140992266624695e-02
2.854456433433948809e-02
1.956726219448706033e-02
1.130625291829215687e-02
0.000000000000000000e+00
0.000000000000000000e+00
0.000000000000000000e+00
0.000000000000000000e+00
8.546943690705230846e-04
1.319017648888551634e-03
0.000000000000000000e+00
6.908238561786679164e-04
9.323732954268896048e-03
2.770913156150355688e-02
2.289447807725348422e-03
1.867538171681333223e-02
5.805311339270834842e-02
1.195870146585995553e-01
1.006347122381386072e-02
4.105619284742981906e-02
5.669925698849086204e-02
3.189333840048198115e-02
3.870726535946191621e-02
1.937491219166391498e-02
2.573928083200833702e-02
7.384710957385307376e-03
6.960277228949216530e-05
1.322357833122746868e-04
1.378818576412090447e-04
2.037672442155721516e-04
1.468342988075581616e-04
9.533782601971061083e-05
1.869937810907472203e-04
2.600815246043672226e-04
2.510138261551805795e-04
1.723495784193836784e-04
3.320896713462365623e-04
3.300910950407964350e-04
3.816348439395517590e-04
3.086714338498167489e-04
3.007259407264673240e-04
5.856459991843451611e-04
6.173196859452128107e-04
4.376560494097023212e-04
4.611022515493513538e-04
4.259565768791492260e-04
3.928235675294726253e-04
5.544540918184042398e-04
5.434176659363317181e-04
7.318130038211657093e-04
5.640238213005014344e-04
6.930556941460491640e-04
5.720400619068296026e-04
4.050596512746519780e-04
9.223054102677595437e-04
8.379930359242478274e-04
7.256661275869363782e-04
1.006219682623898633e-03
7.981320876273699950e-04
1.232034629072593620e-03
8.593728489551149315e-04
6.551492258799634406e-04
1.126662970479215499e-03
9.132153674728198502e-04
1.212886420722160278e-03
1.965862335202681228e-03
1.371532776904330541e-03
1.037880934152249184e-03
1.060615658635149887e-03
1.094924967641056415e-03
8.092313565285510308e-04
1.331576883706211186e-03
9.812496584100443772e-04
1.285285199125481672e-03
1.304322833428589066e-03
1.360356311081170654e-03
1.563403897921581158e-03
1.749633501058001951e-03
1.577971989084002696e-03
1.597396205449442890e-03
1.188888095454420984e-03
7.298855807144948244e-04
2.335050475052160776e-03
1.266826713748864892e-03
1.269756621767181718e-03
2.024046077628295116e-03
1.997335209142036411e-03
3.351784336001502676e-03
2.279169698525883130e-03
2.129794043031572187e-03
2.042508978678116583e-03
1.643030160102410030e-03
1.293432378414177014e-04
3.331161557279149494e-03
2.138830125920253809e-03
2.857222875205135768e-03
2.447520408687304388e-03
2.675390581125076158e-03
3.092580610356853322e-03
3.191083389647988728e-03
3.615793153321319574e-03
3.412204061446232495e-03
3.115166996351713315e-03
2.374969361395758150e-03
9.580741805510238412e-04
0.000000000000000000e+00
1.567478908792938226e-03
3.532613506998970136e-03
3.799186218690898259e-03
4.698702467034005133e-03
5.035853547298322838e-03
3.697645541597216565e-03
4.142858132124991634e-03
4.739458967894650057e-03
4.673371386572775475e-03
4.291730965043510926e-03
2.842822801418214401e-03
0.000000000000000000e+00
1.769593099455643559e-04
2.839522642408204896e-03
5.554683367007848087e-03
4.512604652801546247e-03
7.263649808381212290e-03
2.946148754317740211e-03
5.664347777669729092e-03
5.084030505082362886e-03
5.858835039339655403e-03
5.368678195446656247e-03
5.867856211098092419e-03
5.796156374924669660e-03
3.825431421988541563e-03
0.000000000000000000e+00
0.000000000000000000e+00
1.635504016264235916e-02
1.206230915616352505e-02
7.191132917463367901e-04
5.994616251779125680e-03
6.503803999799754980e-03
6.634741144761009159e-03
7.503011537012390687e-03
7.620569712662056752e-03
7.607466607344056352e-03
7.942914730564144474e-03
7.415969764007870543e-03
7.190102896404465711e-03
4.807121285147445723e-03
2.383114903034123477e-04
3.021024844853007190e-03
0.000000000000000000e+00
4.401881261411175542e-03
2.118261597103270229e-03
1.520679589495571062e-02
9.012708399197214698e-03
1.291509716528438552e-02
8.480218774192376310e-03
8.963564245302535483e-03
7.856234964259450199e-03
1.080137448245534725e-02
1.047824604143351816e-02
1.122060023084533488e-02
8.747883997840778456e-03
6.145073500267784691e-03
0.000000000000000000e+00
0.000000000000000000e+00
0.000000000000000000e+00
3.605504733875375661e-03
1.431982794161678132e-02
1.305726559110487834e-03
1.107320278257992695e-02
1.053752261516475476e-02
7.896568265506855727e-03
1.662006859945163589e-02
1.582858466381784762e-02
1.451353842435543218e-02
1.188110089793459334e-02
1.585657646392534328e-02
1.240371432363533526e-02
1.059545429176771830e-02
6.602775456474152711e-03
0.000000000000000000e+00
0.000000000000000000e+00
0.000000000000000000e+00
8.341385544950664227e-03
1.628062295938580498e-03
2.122119769709914991e-02
4.480265455244905777e-03
3.678879007251164429e-02
6.652087940469147108e-03
1.485118526386615227e-02
2.075172661260981516e-02
4.276112013128435807e-02
1.218870120094829590e-02
1.433087431932763417e-02
1.225787684456690341e-02
1.214940660307352836e-02
1.216011890728796452e-02
6.854866561184955534e-03
0.000000000000000000e+00
0.000000000000000000e+00
0.000000000000000000e+00
0.000000000000000000e+00
1.358527695991213445e-03
1.073295004838392208e-03
8.180329957681246877e-03
1.212702980547832911e-02
9.428573685045925357e-03
1.533572647006911129e-02
1.243891484684473032e-02
1.628861187955274112e-02
1.246992031713586337e-02
1.602146747271107272e-02
3.131173950022801689e-02
1.578105727120169069e-02
1.300847324340910320e-02
1.193034581917750726e-02
7.862004064181110641e-03
0.000000000000000000e+00
0.000000000000000000e+00
0.000000000000000000e+00
0.000000000000000000e+00
6.447774476875467800e-04
9.857799584975278709e-04
1.610939183295987363e-03
1.159209416422124451e-03
1.662180032544143026e-03
3.339411449361846806e-03
4.528659186890273206e-03
2.231460483930154323e-02
1.827302422457656450e-02
1.620602120739590354e-02
1.469131395041809417e-02
1.398904046199119129e-02
1.677521097005912551e-02
1.507059360974154043e-02
1.576120064306807400e-02
5.379138194515200276e-03
0.000000000000000000e+00
0.000000000000000000e+00
0.000000000000000000e+00
0.000000000000000000e+00
6.977750584843824639e-04
7.426213928401869790e-04
1.222321441840496870e-03
8.402637871630138635e-04
1.654821274799650596e-03
1.903427929818775430e-03
1.489884038679958368e-02
1.238210083203144206e-02
2.970855651200390510e-02
3.696612822797759601e-02
1.052965929686790376e-02
1.826701670096661859e-02
1.159428593579715956e-02
2.477418698615892895e-02
2.129794830005304201e-02
1.070833763281546502e-02
6.864203654435497258e-03
0.000000000000000000e+00
0.000000000000000000e+00
0.000000000000000000e+00
0.000000000000000000e+00
6.105470703955622304e-04
0.000000000000000000e+00
0.000000000000000000e+00
1.401993375653874359e-03
8.074397131549367621e-04
1.130533846032350052e-03
1.574470641204847154e-03
1.000621366731618963e-03
1.804470791086130489e-03
9.571204266817418677e-03
3.165533041085286103e-02
1.895871254614720641e-02
5.278439636255133349e-02
1.343329083557270702e-02
1.620265213981052915e-02
1.213969713168430026e-02
9.360911858319895598e-03
3.865200957252141762e-03
5.049979793047719765e-05
1.228063358619473468e-04
6.396632037365656274e-05
3.679117243033703274e-04
1.984006893040261821e-04
1.256392721418019671e-04
2.122841207052746353e-04
2.373967748185530830e-04
3.483682091226166259e-04
2.289150384536808587e-04
3.476667043907769906e-04
2.426144084513083576e-04
2.720562771101916848e-04
3.401175430564158317e-04
3.134300863868256029e-04
4.103216952088301235e-04
3.784201614834251820e-04
3.535921801508408176e-04
4.721159910989761112e-04
4.824003417828183721e-04
3.267274137463520300e-04
6.015075489368618264e-04
7.782456909139571230e-04
5.602352739898031411e-04
5.276091649186786040e-04
5.436554447358090368e-04
5.188724213160473457e-04
4.770493237947566923e-04
6.140096897845330904e-04
7.549326442939749849e-04
1.091274431828869471e-03
8.957605466608963484e-04
9.266283243052367237e-04
7.558053191330681890e-04
7.201675816327929996e-04
5.355220376193401246e-04
1.182686249262684995e-03
4.406301003101986387e-04
6.596827750092092374e-04
1.215668585870776849e-03
9.962452867186186688e-04
1.046126100711497822e-03
1.086658571709864674e-03
1.135759134370404200e-03
7.525102410509522735e-04
4.942281771960144654e-04
1.209815248243170964e-03
1.093536083954600637e-03
1.579514496025392380e-03
1.664897376130831160e-03
1.499467267372466169e-03
1.429187655353009439e-03
1.783007457599997472e-03
1.467354450863871335e-03
1.194574299535518030e-03
6.452981544272193715e-04
1.746670264555587153e-03
1.064683880731314997e-03
2.130188394884136114e-03
2.230369278166176566e-03
1.689562629912353103e-03
1.989780228968331729e-03
2.052613178868785242e-03
1.958841496996488463e-03
2.104970646287124790e-03
1.475048146712670295e-03
9.163798497397381438e-04
2.917134573085565161e-03
2.638006191631981582e-03
1.984392370190331701e-03
2.860371107871066687e-03
3.076044698069731794e-03
2.555055208220364214e-03
2.771918806150299244e-03
2.828736181808094718e-03
2.897934761436243498e-03
3.119292718085376389e-03
2.033467152315625998e-03
7.935126227238617491e-03
3.848717520353129922e-04
9.478427090995243881e-04
1.961406872974068641e-03
1.942123222300421587e-03
3.238565341392777436e-03
6.087745102337518976e-03
3.702250588319121963e-03
3.796711950296153756e-03
4.219304762665083107e-03
4.026200502714149566e-03
3.804922466889387473e-03
2.978463424321432795e-03
2.328779355453236511e-04
2.188671059215267344e-03
1.265510512284565101e-03
5.317745539271443063e-03
6.046819500464636898e-03
4.054426393423375338e-03
3.171718235293478298e-03
5.390437687564845863e-03
5.808797692680742718e-03
5.371973223019387185e-03
5.850097636477130832e-03
5.167065284645618907e-03
5.170740951142333355e-03
3.485169105315598891e-03
0.000000000000000000e+00
1.883680108663304126e-02
1.306588059612174592e-03
1.548410354602903312e-03
5.047531512096444309e-03
5.101956378223563085e-03
7.404948707813553167e-03
5.351033383607497161e-03
7.055988042212327400e-03
8.121047945800832779e-03
7.241177163633929006e-03
7.489251062318885883e-03
7.445948721375854860e-03
6.175690378502051922e-03
4.921370487088294610e-03
0.000000000000000000e+00
3.892663131952911471e-03
2.660568289991771789e-03
1.211845956894367846e-02
2.162444516555164439e-03
5.272777384091105468e-03
3.322437411309996612e-03
1.012160814925116940e-02
1.081404028063671051e-02
9.791992167046299766e-03
1.418826311863170472e-02
1.021472444823532180e-02
9.732872552010910991e-03
9.795544225960389068e-03
8.797855379594998054e-03
5.836787017126726651e-03
0.000000000000000000e+00
0.000000000000000000e+00
3.749229290250539939e-03
2.544251861490971853e-03
1.522209152436123335e-02
2.666049353504744771e-03
2.990673632015493442e-03
1.244956824043405054e-02
1.290712866643943871e-02
1.317087931343150289e-02
1.257655496646094273e-02
1.382632360060019258e-02
1.278607719769497657e-02
1.504809409178146581e-02
1.263160663480238088e-02
1.008758239203338264e-02
6.560868689276713045e-03
8.576295482181757468e-03
1.613322254472708030e-03
0.000000000000000000e+00
0.000000000000000000e+00
2.808280556137101019e-03
8.502065109428305232e-04
1.475737288984585102e-02
1.330669060246952688e-02
1.660246225748189530e-02
1.560062024245051533e-02
8.408009264541488684e-03
1.150027884511776489e-02
1.074842546504021362e-02
1.191551819636996017e-02
1.520104001552904233e-02
1.162761763241593020e-02
1.390609269276783452e-02
5.856713009429138396e-03
0.000000000000000000e+00
0.000000000000000000e+00
0.000000000000000000e+00
0.000000000000000000e+00
8.787329553189979691e-04
7.364614887563952685e-04
6.701189340603624922e-03
7.953473309379477732e-03
3.389181847378757231e-03
1.250238337792822577e-02
9.357292632436696456e-03
9.330197754686145317e-03
1.426829983169517098e-02
1.454831999123294868e-02
1.258251761811184088e-02
1.774362735311917419e-02
1.149967715284200796e-02
1.110638832377569031e-02
9.369583650394570570e-03
0.000000000000000000e+00
0.000000000000000000e+00
0.000000000000000000e+00
0.000000000000000000e+00
6.923909833126368034e-04
8.196658462759008308e-04
1.666076732099942143e-02
2.432679105225483366e-03
1.371041597132810659e-02
6.223536527097666728e-03
5.190237123232253891e-02
1.062735797559499935e-02
1.458102917237365584e-02
1.881549739589779766e-02
1.535431864655072143e-02
2.449265510255065059e-02
1.590495906960842989e-02
1.356880242944992314e-02
1.171079946236155793e-02
6.481163650318999894e-03
0.000000000000000000e+00
0.000000000000000000e+00
0.000000000000000000e+00
0.000000000000000000e+00
8.282994398449397729e-04
4.280859190464683553e-04
0.000000000000000000e+00
1.054571759469722378e-03
1.340461892181891773e-03
7.380694258946681081e-03
1.199675068880037138e-02
2.456085038197702505e-02
1.557753555082247443e-02
9.760837694075864129e-03
1.573272214317016776e-02
1.329532928709963556e-02
1.747313419436992421e-02
1.285702843869272922e-02
1.035722094564529676e-02
1.662546684729862209e-02
6.255520791196484721e-03
0.000000000000000000e+00
0.000000000000000000e+00
0.000000000000000000e+00
0.000000000000000000e+00
3.417037847250500274e-04
0.000000000000000000e+00
5.769196866221561150e-04
1.093829327051080384e-03
7.814970571728713927e-04
1.141551334212010174e-02
2.862966091499974039e-03
2.821174108412408468e-03
2.608243303332219692e-03
1.140598166171536559e-02
5.153309234123569504e-02
6.722968553633551503e-03
2.283030415679528427e-02
1.618603772859640577e-02
1.705706654112340223e-02
8.490380883178640092e-03
1.037796013906636811e-02
4.362711715392734654e-03
4.957788897320061788e-05
1.227112961851214708e-04
7.603844986544126459e-05
1.892019680898594227e-04
1.558087524566334427e-04
9.728104605929868785e-05
1.837037322069790619e-04
2.231839013647394197e-04
2.199712243020203017e-04
2.163946665536973439e-04
2.982417558205143360e-04
2.909019285322579033e-04
3.061152992781413645e-04
2.958329674661930374e-04
2.799386303593462931e-04
4.569461363492728677e-04
3.018337164649053566e-04
4.175452460756936906e-04
4.384587176022033224e-04
4.193355250858837456e-04
3.323590565770773945e-04
7.455223901422614692e-04
6.637559660518954109e-04
5.965034460462623894e-04
5.674703826461939592e-04
5.572651410331983966e-04
5.474910438946497355e-04
3.830037334736421527e-04
6.976698996947496272e-04
6.417558652749056920e-04
8.226046859043067679e-04
9.194145793926947544e-04
7.130373311404471183e-04
7.689936426945633008e-04
8.583146211526631545e-04
6.123245226710435181e-04
9.600089304183845231e-04
1.077987061323715289e-03
7.698573640060582448e-04
1.134062671895719318e-03
1.054611118645624145e-03
1.060798170999887160e-03
1.185940688020896026e-03
1.235952359334028692e-03
8.339790200378566741e-04
9.686971001664274787e-04
1.185130621689515574e-03
1.620759445888844989e-03
1.347169967556154828e-03
2.122455297548752218e-03
1.560314435805122604e-03
1.446892455884018873e-03
1.629163162473533854e-03
1.512162642352202083e-03
1.122082243412789648e-03
5.406416457897589246e-04
1.955605322754984214e-03
2.091278581521460993e-03
2.184059388658972974e-03
2.026200999107319583e-03
1.936202210617043052e-03
2.027090037819730042e-03
2.389665708680210453e-03
2.195186051303829253e-03
2.255852981688850033e-03
1.617220418235914376e-03
5.836740099983170164e-04
3.349627887424997622e-03
3.341344818567624705e-03
3.627510287061875595e-03
2.723687901597827889e-03
2.750701976785659662e-03
2.588319145231122650e-03
2.870748159732265398e-03
2.990964586126391815e-03
2.899327346903804881e-03
2.905040923321664578e-03
2.051592974001527955e-03
4.519525748333019831e-04
1.172694205581501425e-03
4.464959758127218237e-03
3.776577152635715411e-03
2.882137234926964494e-03
3.853083454868948265e-03
4.138322330816070552e-03
3.491701628457300789e-03
3.880220952425882282e-03
3.602502074015353790e-03
4.241352675639205490e-03
4.228463384909904310e-03
2.765591008651254595e-03
2.877751933894004020e-04
3.335711656549544433e-04
4.749927037564719706e-03
4.493491886652448142e-03
2.012432378111639851e-03
4.244885681292501906e-03
4.710317794836354176e-03
3.558903634936396408e-03
5.541202049331450663e-03
5.083092211190015121e-03
4.992351551119700130e-03
6.041457538278623141e-03
5.520005608278692744e-03
3.716323706560487744e-03
0.000000000000000000e+00
5.174483657074148684e-04
1.925005070808810887e-03
2.028455692804985010e-03
1.854652508808351391e-03
3.484887622413220670e-03
6.948111171833529047e-03
6.998998937610962159e-03
9.137325335380133348e-03
7.498904348332586546e-03
7.617278338715343863e-03
7.660831474811387147e-03
7.910485152487465449e-03
6.618591164308732476e-03
4.893440311975416623e-03
1.533914343806449827e-03
8.170821405943822814e-04
6.933624492809079345e-04
1.803939339203569593e-03
2.016933225864020896e-03
1.563732312621196911e-03
1.254711961972855561e-02
7.285678869776606933e-03
1.081941493394941722e-02
1.000745785193149148e-02
1.066788251455065388e-02
1.022086728776932900e-02
9.794976652263909928e-03
9.324200750008383026e-03
9.078582768423109836e-03
5.630908518652015873e-03
0.000000000000000000e+00
3.723419884853295617e-03
1.646625653490027584e-03
0.000000000000000000e+00
8.039439399351563974e-04
2.351391733621796976e-03
1.621125596738176621e-03
1.165034373932278579e-02
1.241419393449037442e-02
9.623681606869889660e-03
1.277623649360968248e-02
1.341742943833473464e-02
1.324259892591019179e-02
1.367093828040476938e-02
1.156732818412548915e-02
1.100396911533086525e-02
6.438046378865753226e-03
0.000000000000000000e+00
0.000000000000000000e+00
7.558500021113906744e-03
4.564974940937512743e-02
1.324543275470690430e-02
2.731443770124634268e-03
5.269350674955841120e-03
1.051419337828543056e-02
1.170554156685188647e-02
8.707451718555560272e-03
1.181724038005275458e-02
1.273028305032627115e-02
1.049288891428597215e-02
1.587161130706534612e-02
1.165937754915078936e-02
1.204554373708594493e-02
1.026346235340916055e-02
6.352862168287867935e-03
0.000000000000000000e+00
0.000000000000000000e+00
0.000000000000000000e+00
0.000000000000000000e+00
8.980747198291907929e-03
6.309023140510270711e-04
2.850017558889172617e-03
3.588716039238241170e-03
3.368319780506058049e-03
1.055622760708317329e-02
3.364331781615563510e-02
1.046892983311153991e-02
2.122759780175535044e-02
1.977215652420239236e-02
1.141105174859773086e-02
1.461732673559437527e-02
1.306184903185667393e-02
1.182774126428783046e-02
6.844098790479908809e-03
0.000000000000000000e+00
0.000000000000000000e+00
0.000000000000000000e+00
0.000000000000000000e+00
4.610242964097372321e-04
1.082741059422073077e-03
1.690967356828322783e-03
1.947148322273294747e-03
1.105537476347752054e-02
1.071709216037401366e-02
5.642000985916702759e-03
5.939839260525200081e-03
9.301170548389473686e-03
9.152752318321114369e-03
1.795794950186559158e-02
1.474197566677829321e-02
1.954657159488212836e-02
1.611480810196935093e-02
1.316493392321250490e-02
6.157508660197172010e-03
0.000000000000000000e+00
0.000000000000000000e+00
0.000000000000000000e+00
0.000000000000000000e+00
0.000000000000000000e+00
0.000000000000000000e+00
4.609816496134416081e-04
5.605709157048314410e-04
1.013126378668452628e-02
1.550160288082923048e-03
8.963376472331214401e-03
1.567750239283381697e-02
6.227665137612304648e-03
1.372624422710144905e-02
3.122190132233594595e-02
1.461063265098818537e-02
1.991993642995925837e-02
1.304382677061536808e-02
1.346149657430150033e-02
1.185441503665734565e-02
4.384875883058889784e-03
0.000000000000000000e+00
0.000000000000000000e+00
0.000000000000000000e+00
0.000000000000000000e+00
0.000000000000000000e+00
5.978562118894569519e-04
4.841039653212919191e-04
0.000000000000000000e+00
1.309471509925509182e-02
3.024981968556980996e-02
2.143786203319072905e-03
2.068600086355410969e-03
5.103117564579837118e-02
2.001844020623970710e-01
2.280396341432295096e-02
5.846092239684535369e-02
1.241712796608742883e-02
1.142704433598610778e-02
2.496199370824583180e-02
1.031003560613358468e-02
7.270310166649439354e-03
2.695017861624663617e-03
4.698861488570204534e-05
1.053016325647896523e-04
7.315183829590330680e-05
1.343987969721790435e-04
1.759415496011190250e-04
1.269088192172809380e-04
2.510782234604924169e-04
2.028768664750137552e-04
2.195606729043854161e-04
1.644545583923146675e-04
3.436370060632008751e-04
3.169528722679347587e-04
2.997222664366886173e-04
2.969587174024956432e-04
2.455854458272317274e-04
4.303332669881254841e-04
3.877078254360091423e-04
4.724221537016946122e-04
4.925712263421991310e-04
3.864196340490177583e-04
3.618641491627926760e-04
5.794729319505435763e-04
5.707685171093575391e-04
4.472294162095476720e-04
5.387721874175263473e-04
6.632277051969126492e-04
6.407350276788062113e-04
4.315373882131824245e-04
9.285515780040179195e-04
7.152238155064998600e-04
1.051595043685419435e-03
8.195256528209077761e-04
9.302765228466343232e-04
8.556468881577720996e-04
7.708564373592664181e-04
6.196178919456177747e-04
1.224823021966128453e-03
1.110399463361324982e-03
9.665721797100866163e-04
1.294423632641909187e-03
1.026125151089480681e-03
1.128309206362254190e-03
1.367978517221129370e-03
1.278122805576572055e-03
8.649660873187787254e-04
2.252000842819936333e-03
7.984770716631794246e-04
1.309638692011828387e-03
1.505893605838964618e-03
1.486767561698762756e-03
1.511831917621694497e-03
1.662115553488112581e-03
1.732949028898613224e-03
1.735070892985564415e-03
1.218043244351848251e-03
2.196630197018003725e-04
1.304522913205894384e-03
2.514887787300982159e-03
1.515357245321482041e-03
2.537631244792655592e-03
2.032752561336127403e-03
2.460214716956930520e-03
2.340341303964342101e-03
2.266439610899137567e-03
2.361450603149860966e-03
1.845983834767301332e-03
7.383504039951906302e-04
2.488426926333158797e-03
4.008462953475133012e-03
2.534761740584794403e-03
4.219177922713611417e-03
3.048006413776196272e-03
2.591566047877313234e-03
3.484828437564447060e-03
3.386698936547380499e-03
3.302803408561161887e-03
3.149900502282674403e-03
2.479825422431654932e-03
4.830040438484942654e-03
9.232542183706890244e-04
4.694556051233587262e-04
1.679983099570135033e-03
4.047083365329377791e-03
4.222951226630541552e-03
4.265976266354126571e-03
4.410141901661524325e-03
4.268348015913489210e-03
4.314011173447733147e-03
4.555210451676431141e-03
4.292161825900067153e-03
3.286515443816930959e-03
3.462320062875860944e-04
8.846366542265789168e-03
5.909617206072717739e-03
4.325464862877873538e-03
5.921548337550942495e-03
6.304007909009892024e-03
5.520557579673828624e-03
5.665275588363480330e-03
6.535430080746399209e-03
5.666773553198260586e-03
6.641675951130776231e-03
5.917887409910458155e-03
5.818995313698761829e-03
3.955100651921500746e-03
1.621151156279281112e-03
2.725219887245199264e-03
1.315225952562551568e-03
1.255544425362884820e-03
4.834781104735727704e-03
1.220679086461554444e-02
7.633110837850825420e-03
8.844909200629625518e-03
8.413724867203606697e-03
7.860121813942088503e-03
8.318611995298673401e-03
8.954423885006721970e-03
8.177420198884843838e-03
7.861525646963673022e-03
5.276193963720817760e-03
1.596855112471501185e-03
0.000000000000000000e+00
3.906976241925902643e-04
1.902364552715959077e-03
1.249308596345887271e-02
8.663870831509268289e-03
1.062275777505926333e-02
9.036115454918509926e-03
1.536855611364829413e-02
1.008204642048449347e-02
1.051821932959145708e-02
1.155031150685378351e-02
1.099855863534762897e-02
1.050639660490089444e-02
9.905196638726222746e-03
6.409870878240272844e-03
0.000000000000000000e+00
1.789969218012891702e-02
0.000000000000000000e+00
1.986894055651136290e-02
1.615923687119540098e-02
1.031940492968679533e-02
1.004271670144065570e-02
5.768105965363293577e-03
1.765100889677588547e-02
1.649861510121776800e-02
1.285566058525571334e-02
1.394951168572908067e-02
1.420565225905722623e-02
1.269042750509262636e-02
1.333755928066085623e-02
1.209370132585161836e-02
6.959318970667291264e-03
0.000000000000000000e+00
0.000000000000000000e+00
1.321049449506272837e-02
0.000000000000000000e+00
8.344464888628895950e-04
1.949930515717497245e-02
7.110483100243898680e-02
1.045781564619976955e-02
1.291658475259497077e-02
6.792824543870525263e-03
8.123855993732559053e-03
1.202388877611527442e-02
1.381564630016038180e-02
1.374395050064218179e-02
1.289877903003803714e-02
1.392600474024767443e-02
1.161804695620887590e-02
7.252675444803827545e-03
0.000000000000000000e+00
5.191083658830149272e-02
0.000000000000000000e+00
0.000000000000000000e+00
6.152385820588340132e-04
1.251882343644746508e-03
7.329870138064856037e-03
2.283554138456149029e-03
1.537094935140945542e-02
1.115348003618101339e-02
8.701837945124248422e-03
1.923589162755136653e-02
1.270124020272795501e-02
2.294655822306812878e-02
2.527314692237992919e-02
2.278864482238645781e-02
2.064203252254478288e-02
1.501304418964812329e-02
7.203098327474771051e-03
0.000000000000000000e+00
0.000000000000000000e+00
0.000000000000000000e+00
1.282950441748820745e-02
0.000000000000000000e+00
1.088868392364311394e-03
1.074637416358082591e-03
1.815154952339871272e-02
6.604715378257053002e-03
1.137469946261559541e-02
2.138662378773246650e-02
1.038348251116866065e-02
1.029507879829993575e-02
2.215967999434517721e-02
1.750538428811203306e-02
1.704547407350060634e-02
1.565587376255482902e-02
1.130134374132363458e-02
1.125642686223269316e-02
5.697151409202021351e-03
0.000000000000000000e+00
0.000000000000000000e+00
0.000000000000000000e+00
0.000000000000000000e+00
8.038202119037816430e-04
1.201471491231342675e-03
1.178139496767034444e-01
1.509604128490210986e-03
0.000000000000000000e+00
4.977174162733591367e-03
3.333715319585772718e-02
5.850368540862826289e-02
9.670048639811133426e-03
1.663454014112927121e-02
3.074897853269398587e-02
1.342231369643265108e-02
1.858147387156951214e-02
2.739871527183137048e-02
9.957428480858671396e-03
1.006743923179291393e-02
6.476989010346965309e-03
0.000000000000000000e+00
0.000000000000000000e+00
0.000000000000000000e+00
0.000000000000000000e+00
0.000000000000000000e+00
0.000000000000000000e+00
0.000000000000000000e+00
0.000000000000000000e+00
0.000000000000000000e+00
1.172991123660012966e-03
1.870850552143747030e-03
6.344031285173982494e-03
2.009552273095420796e-02
1.197834963474497978e-02
7.872001527421103317e-02
2.056083003414183388e-02
1.031703399005543843e-02
1.104813928227429097e-02
1.562534003040920785e-02
8.205576071111020733e-03
8.750517345851790973e-03
4.390306316168740564e-03
4.831590144120481066e-05
1.144877433295761043e-04
7.560248458712192027e-05
2.103083806994361475e-04
2.527423441831335186e-04
1.221245889951921761e-04
3.956525469762763102e-04
1.981997033556072137e-04
2.508600931758843194e-04
2.170713518341702193e-04
2.598645493290223786e-04
4.714682118784132583e-04
3.304175952806735544e-04
3.960538801833041146e-04
2.320334382743578653e-04
6.032816951707871455e-04
5.828826669093331581e-04
5.152135769585582288e-04
5.372327862144067384e-04
4.469556181987835788e-04
3.350644845360165503e-04
3.217902059616593153e-04
3.861942186798280664e-04
6.044905089920746787e-04
7.211436575591125648e-04
5.828951861524565630e-04
6.142662525940034701e-04
4.996592525682828651e-04
7.489945820437968454e-04
9.071258238349592896e-04
9.968211887755186029e-04
9.234643355580659596e-04
9.104772612680819615e-04
8.735500891259469214e-04
1.045898972293349749e-03
7.413030513060808171e-04
7.426749029459820068e-04
1.682754213918974612e-03
1.080682141807844240e-03
1.138697910627351666e-03
1.095648065448537279e-03
1.175202514196368835e-03
1.178504171380107728e-03
1.299136015981764520e-03
9.643486647757902597e-04
1.274565443079065047e-03
2.060085589493083815e-03
2.233037309248884095e-03
1.586736165863276071e-03
1.306228756431547381e-03
1.912074565303774646e-03
1.762521492181996947e-03
2.015102727466629422e-03
1.853365164142983107e-03
1.275749145629589834e-03
2.765888737804262330e-03
1.839999044287546218e-03
6.258094274220848789e-04
3.330163644415522813e-03
3.680931747285539138e-03
2.563365798892556450e-03
2.893781043924523091e-03
2.859270047600187808e-03
2.466750932026648326e-03
2.613714740418948430e-03
1.827386895234197174e-03
6.707244002789746092e-04
3.561178064208351981e-04
4.812367359460644964e-03
4.020528434360485723e-03
3.540844807157726096e-03
3.254680817363994009e-03
3.967316457768848247e-03
3.807349619299471750e-03
3.460554444273647185e-03
3.603489939481413756e-03
3.808943335094110410e-03
2.572149020304297009e-03
3.245304994706727213e-03
1.003774667267419082e-03
6.774396787794452306e-03
1.992747498424180842e-03
3.627216437794240043e-03
4.255222103565196694e-03
4.572514637490239162e-03
4.458907370964954736e-03
4.863590516786890292e-03
5.270284620833779431e-03
5.015396629275423526e-03
4.830461260179298548e-03
3.538502464313711404e-03
1.854739973647997683e-02
1.231954563366488770e-04
1.533203023699134795e-03
7.704116805012372086e-04
8.762996173807643951e-03
6.051273192264961139e-03
6.192095628405751805e-03
4.723681610925578762e-03
8.615730988648283295e-03
6.863416768448229316e-03
6.997564970240436125e-03
6.721071059379828648e-03
6.745865062307059012e-03
4.841067834086590707e-03
0.000000000000000000e+00
4.521501693289777185e-04
7.667647278931197675e-04
8.410724006193481123e-03
1.732041465773335185e-03
1.042963539188341941e-02
1.075651901794402385e-02
7.271745474936898435e-03
8.255852309271661388e-03
9.252510348321285258e-03
1.084858784307162274e-02
1.087253120647807721e-02
9.337949739251467235e-03
8.348769709783659607e-03
6.164710986284082511e-03
5.060511167218812757e-04
6.084172051619162608e-03
4.087224679726220167e-02
2.032185564010159304e-02
3.186159666329325089e-03
1.760680747224098452e-02
1.394549130696207812e-02
1.209921517653171109e-02
1.290535363609979398e-02
1.194395531525895698e-02
1.616566341409255564e-02
1.185688504608559991e-02
1.444505010624289737e-02
1.267115503181793189e-02
1.010216969316267074e-02
6.841817123319286244e-03
3.132562849364573659e-03
0.000000000000000000e+00
0.000000000000000000e+00
3.366628611678849914e-02
3.002058223441712230e-04
4.840618110404113633e-02
9.646446634061490305e-03
1.761073017376839703e-02
9.937498385697612208e-03
1.705072936397536432e-02
1.772079591045862615e-02
1.822915481772752200e-02
1.764632540331804306e-02
1.621873783498781196e-02
1.489920483442558168e-02
1.298251966664921639e-02
9.371046202759480276e-03
0.000000000000000000e+00
0.000000000000000000e+00
0.000000000000000000e+00
9.708496477813952086e-02
2.868465852044092997e-03
1.105567594326862906e-02
5.231634219357990390e-02
8.766475727911553217e-03
1.675002591765763910e-02
1.138822202442931614e-02
1.991543430554618133e-02
2.343206264951861947e-02
1.694334449177883201e-02
1.728011950707124267e-02
1.438809756408984848e-02
1.556155817564047576e-02
1.340030815878448869e-02
8.347811150115876447e-03
0.000000000000000000e+00
0.000000000000000000e+00
0.000000000000000000e+00
0.000000000000000000e+00
1.780505453479572231e-02
1.976160120326237064e-03
1.001530048057239636e-01
2.852317730091149910e-03
5.727848072259854144e-03
1.773508216551662742e-02
3.031399605386340262e-02
3.477968916149858092e-02
1.759396996418294279e-02
2.750800986472531212e-02
1.728150345317381112e-02
1.706165654405707166e-02
1.758796283293599313e-02
1.444372378954234676e-02
8.999577438237645749e-03
0.000000000000000000e+00
0.000000000000000000e+00
0.000000000000000000e+00
0.000000000000000000e+00
1.769568020733642893e-03
1.480287831584067501e-03
2.434478053452815427e-03
1.644386907169810563e-02
6.762978917094775340e-03
7.591801545860029504e-03
1.875107190039086366e-02
2.650798281574935286e-02
1.714650291809991650e-02
2.522514671810061407e-02
2.034602074912476161e-02
1.696811855546670467e-02
2.254375658233368634e-02
1.742349428833982541e-02
1.310950294133708671e-02
5.076338624476259449e-03
0.000000000000000000e+00
0.000000000000000000e+00
0.000000000000000000e+00
0.000000000000000000e+00
0.000000000000000000e+00
1.644902997843492032e-03
1.633789396697655702e-03
8.666976298351763280e-03
1.944919712319955005e-03
1.387747486816277116e-03
4.102364891295845993e-03
1.887005305788322027e-02
2.131117599348521241e-02
3.480728300790927876e-02
2.744915618248932460e-02
2.669199272529362149e-02
1.354754741676320040e-02
1.224891965419886049e-02
1.593368191300608208e-02
1.207566774566919306e-02
6.748232056815230313e-03
0.000000000000000000e+00
0.000000000000000000e+00
0.000000000000000000e+00
0.000000000000000000e+00
0.000000000000000000e+00
1.071603772829630551e-03
2.993257384662374038e-02
1.803513500002490444e-03
1.067077764956988854e-02
1.927738243795832718e-03
3.065833088150748433e-03
1.846947100506187919e-02
1.222512648888101142e-02
3.379558263572311760e-02
9.429597654325591605e-02
2.693561703494117346e-02
5.804418296262831012e-02
2.332206994689636770e-02
2.537902604864226974e-02
2.629550482217834009e-02
7.224199405272337116e-03
5.642347357700446334e-03
7.123738152210432365e-05
1.702324502017142117e-04
1.169307363892914978e-04
1.471715715636709898e-04
2.563884282255789919e-04
1.696192339195735205e-04
2.467288393572042242e-04
4.150727017978566983e-04
3.049933321792267101e-04
1.932275379223022675e-04
3.963617668292747972e-04
3.920828990609104953e-04
3.688195255062095591e-04
4.576163327690639226e-04
3.939052666125052973e-04
6.615424806420776684e-04
8.068932859918847298e-04
5.779795774982667131e-04
6.706544879763254915e-04
5.449155914841752064e-04
3.462387590690222793e-04
9.366665179404929644e-04
6.966289778329829048e-04
1.202198985936723998e-03
8.589317361390335802e-04
7.361560387799717100e-04
7.735899270766019922e-04
5.445241111988640336e-04
6.410981503400480213e-04
1.095413197820888519e-03
8.783853816272449693e-04
1.480978362532935078e-03
1.004189150169963220e-03
1.058928730106899196e-03
1.098759793766259469e-03
7.685389542358367571e-04
1.068152988922924616e-03
1.169721125804639794e-03
6.892720206466959381e-04
1.020838882910037439e-03
1.214253032623061578e-03
1.962921349424617129e-03
1.556167921452529957e-03
1.371204261771600272e-03
1.196527238236590142e-03
6.572299150230696352e-04
3.306825293767020908e-03
2.299917057393566742e-03
1.817382705586865392e-03
2.190329034684537768e-03
1.578278197994069723e-03
1.884319858122189594e-03
2.132404021723344548e-03
2.459853347988594664e-03
1.649642657874054487e-03
4.718557465574979570e-03
3.746541325084035146e-03
3.629245061132926973e-03
2.693894413202262833e-03
2.131345047545589195e-03
2.875287114667519645e-03
2.753749088088017563e-03
2.780144697390712471e-03
2.738121554646707947e-03
2.972678615969825359e-03
2.106499249736532194e-03
4.990896941778485800e-03
4.905062842375709081e-04
4.968980772659596472e-03
3.191472190177859023e-03
4.725278515356632660e-03
4.271140259543479249e-03
3.986605912655972334e-03
4.333515437088090137e-03
3.890930946695461082e-03
4.800630228711118795e-03
3.913246103479611597e-03
2.796251347281993559e-03
8.742444114461062846e-04
2.645337341940950156e-04
1.615580445035926871e-03
1.763454518440627037e-03
5.871422474127202182e-03
3.564326392965145272e-03
5.003219723543451437e-03
5.479106955028801781e-03
5.855906174618550654e-03
5.773926659839554061e-03
5.954662251466527612e-03
5.316976490794683707e-03
3.870644450804810056e-03
1.365127701375779120e-03
9.444378626160137864e-04
1.364830309518067679e-03
3.640167248701993170e-03
1.689124355112383256e-03
7.343488328992924495e-03
5.538875245402570188e-03
7.442894543633154364e-03
6.879546945746516963e-03
7.367686665942414954e-03
7.315743577278729579e-03
8.237867942963345708e-03
8.347378133231463104e-03
5.445264879604940107e-03
0.000000000000000000e+00
1.515169165340365335e-03
8.235061230272200297e-04
1.961874299885832916e-03
2.635688359429284693e-03
1.437092641813934521e-02
1.130527678192462006e-02
1.191069749146067731e-02
1.247814027112599013e-02
1.074210980986893896e-02
1.382157952115708154e-02
1.134398105748286346e-02
1.107399848536404045e-02
9.577608267266082137e-03
7.017305099865826269e-03
3.962546655361569108e-04
1.323419619833205059e-02
0.000000000000000000e+00
2.326620257826305868e-02
1.024623667429472307e-02
1.100733381262123008e-02
2.318016791526142373e-02
1.023451501659641480e-02
1.975187924689444582e-02
1.288272962206007087e-02
1.361783197834754919e-02
1.661949523903999068e-02
1.305464940235638062e-02
1.318881317171750195e-02
1.247765701862878392e-02
7.750095021077075229e-03
0.000000000000000000e+00
0.000000000000000000e+00
1.790703671690419344e-02
0.000000000000000000e+00
3.240377867268481003e-03
1.360970310836274490e-02
6.015967394686939050e-03
1.362506405008051015e-02
1.365430643050215276e-02
1.765882459898812651e-02
2.152196866048226506e-02
2.062661571712509287e-02
1.782937429803475513e-02
2.116969570675866427e-02
1.650645124998514901e-02
1.567264036057756244e-02
8.843578245589638412e-03
0.000000000000000000e+00
0.000000000000000000e+00
0.000000000000000000e+00
0.000000000000000000e+00
1.770487932097957254e-03
4.189080994823765614e-02
5.541509600451065623e-03
2.095708334876238491e-02
1.983165869129268483e-02
1.449250150826367212e-02
1.306958151185342622e-02
1.653854326543494069e-02
2.243700815886567890e-02
1.850483286989550516e-02
2.194489723381813986e-02
1.704428639785372096e-02
1.763163757799011272e-02
8.769344995089457112e-03
0.000000000000000000e+00
0.000000000000000000e+00
0.000000000000000000e+00
0.000000000000000000e+00
2.275030051733615156e-03
2.120617712782760320e-03
5.353099609652071933e-03
6.622861346946178236e-03
1.975111391356939791e-02
1.860270613106658477e-02
2.245569510603632676e-02
1.963652636147064645e-02
1.594159454013405891e-02
3.206159395215779639e-02
1.651255076696599502e-02
2.465463720634542347e-02
2.450641290810261913e-02
1.539586528368849620e-02
9.908883257525293031e-03
0.000000000000000000e+00
0.000000000000000000e+00
0.000000000000000000e+00
0.000000000000000000e+00
1.951665510693147490e-03
2.436918867632254394e-03
1.560144510782582100e-03
2.737018181110038775e-03
3.984390355200888648e-03
8.448696756884602199e-02
9.732011623437862580e-03
2.339718136754374150e-02
2.443854299134924982e-02
2.704129140667166711e-02
3.249721539958295990e-02
1.797420267974477598e-02
3.305253610679399767e-02
1.995948148550458906e-02
1.637000827148950982e-02
8.966779699335651263e-03
0.000000000000000000e+00
0.000000000000000000e+00
0.000000000000000000e+00
0.000000000000000000e+00
2.726638238053456509e-01
1.071094745271729178e-03
6.841253908966877725e-03
2.547830547176048021e-03
1.361017369813079638e-03
1.980172907733073265e-02
4.592235948255539262e-03
1.484353127692483731e-02
1.947333823633943736e-02
3.734874281830470599e-02
2.496478095059370683e-02
4.296581959496277581e-02
3.324738833216942663e-02
2.187531160807188249e-02
1.991639355276898782e-02
2.203105379379412601e-02
9.964701821637106730e-03
0.000000000000000000e+00
0.000000000000000000e+00
0.000000000000000000e+00
0.000000000000000000e+00
0.000000000000000000e+00
0.000000000000000000e+00
1.129694769171141156e-03
0.000000000000000000e+00
4.716178723303023068e-03
2.095451832317656114e-03
3.692043009676498639e-03
3.745520783648956069e-03
6.120479365181159814e-02
3.169921800624047464e-02
4.651761172248430193e-02
9.044801431419066673e-02
1.723143215649705629e-02
1.619823199689831433e-02
1.834513197823114256e-02
1.086147557262070670e-02
7.554413984844559476e-03
5.461244464303593484e-03
1.566409348805538758e-04
2.303897029330704269e-04
1.897833193464365921e-04
4.128033259981335966e-04
3.188666681397334872e-04
2.840492869505558500e-04
5.461109214154901727e-04
4.210577749632259332e-04
9.226821019998804113e-04
3.193144018612069216e-04
9.852271938442275397e-04
6.585154286195422360e-04
6.468722758669347064e-04
6.498442620483260799e-04
4.766665662677046491e-04
1.293104117002242311e-03
8.882097526924454195e-04
9.928093117427883637e-04
1.126102636588197006e-03
9.700693043657662587e-04
7.975033043023797060e-04
1.873474067439663202e-03
1.014160523217565906e-03
1.650693725312312333e-03
1.325796318176119962e-03
1.392055682444203043e-03
1.353151027251209672e-03
9.706541004920542877e-04
1.727913084990506144e-03
3.530876036890433483e-03
1.962459215125601092e-03
1.846608891867284035e-03
1.911936259902821201e-03
1.916915061532991748e-03
1.943064958252629145e-03
1.556041105462295342e-03
1.640588829716264343e-03
3.137733971730152695e-03
3.344173401921990245e-03
3.112019020873188317e-03
2.388381737171302917e-03
2.208279880387761015e-03
2.501783101566220323e-03
2.520113736432991886e-03
2.080690399047998261e-03
4.922034175195028234e-03
3.164781086670232380e-03
3.095210135703896619e-03
3.702811416337223674e-03
4.106408682737534670e-03
4.147520511139377378e-03
3.766488522159944750e-03
3.848290457774466641e-03
3.602301604524084030e-03
3.188418172879117427e-03
4.578614198380672080e-03
2.651993882238124194e-03
4.924886568364738801e-03
4.796242111216067645e-03
4.686452689328862893e-03
5.473255959528843320e-03
4.972456352734628063e-03
5.379518411010421677e-03
5.547318538872316428e-03
5.426410088765537890e-03
4.005651669270213731e-03
1.804368438647132710e-03
1.104436315239547273e-02
2.191925567214724792e-03
7.802986406663886196e-03
6.730490002310293013e-03
5.551620192710479684e-03
8.301037961969900264e-03
6.548589631271586713e-03
6.729948288913796019e-03
7.285992828951877442e-03
7.286831017421192651e-03
5.060506462664468574e-03
1.707008014833382575e-02
1.010329545234931077e-02
5.409152139458766988e-03
5.658086715077063206e-03
7.890957659492294635e-03
9.205335975919531205e-03
1.044796425459974983e-02
9.756609555159820313e-03
1.118481756039851373e-02
1.071571854084662524e-02
1.081426172116802149e-02
1.063769594595042126e-02
7.458817597324993685e-03
3.753113511916255675e-03
9.155500799280722997e-04
5.230585561807024782e-03
1.826567598934721731e-02
1.638433646929383924e-02
1.486611485236709156e-02
1.409215158011559339e-02
1.531560603960294142e-02
1.360948432941183443e-02
1.402328832378127964e-02
1.294518205669025618e-02
1.419864072997772952e-02
1.336268037948496260e-02
8.840697100409869447e-03
0.000000000000000000e+00
3.272228770751943461e-03
1.198715014622014213e-02
2.402188546682451631e-02
1.839719733099588056e-02
5.170782814518747224e-03
1.986398149239415947e-02
3.228890760305334895e-02
1.972702899221500522e-02
2.387618258190648407e-02
2.058809042979215312e-02
2.011173155760023409e-02
2.059789033622175594e-02
1.642942241594005232e-02
1.206832609268019586e-02
0.000000000000000000e+00
5.725960001840577074e-02
9.701065531176193343e-03
7.037216136781376807e-03
3.294572762447806752e-02
8.599362462026097220e-03
5.339581445232455259e-02
3.143704431329184812e-02
3.315618088625002513e-02
3.042369329152275897e-02
2.857435251440656673e-02
2.497082247528706681e-02
2.662087723683839724e-02
2.422739571587309917e-02
2.282931773876832257e-02
1.453257730455003588e-02
0.000000000000000000e+00
0.000000000000000000e+00
0.000000000000000000e+00
8.337383905079048460e-03
3.026820859646619458e-03
4.481669566192759274e-02
1.038464457746594849e-02
2.376480989647939551e-02
2.418427750131521212e-02
3.887860052241736558e-02
5.262175586436152602e-02
3.530198282012116107e-02
3.225187321914371741e-02
3.631009878872213520e-02
3.055357231940962134e-02
2.530763535713638143e-02
1.677837545650002690e-02
0.000000000000000000e+00
0.000000000000000000e+00
0.000000000000000000e+00
1.340965079991076475e-02
1.034018228508042179e-03
5.075476823866492161e-03
3.964249642565896570e-02
4.890159761381453196e-02
3.189879163443182231e-02
2.433952541379366674e-02
3.245462684701883038e-02
3.181484878657365317e-02
3.812006517436922204e-02
3.090890078099879992e-02
3.469364303471418609e-02
3.070876872369810232e-02
2.779032697199464857e-02
1.850324067985387871e-02
0.000000000000000000e+00
0.000000000000000000e+00
0.000000000000000000e+00
0.000000000000000000e+00
9.019905710980173977e-03
3.360781073900213391e-03
6.041209279156251576e-03
1.257854523690183669e-02
2.432149754390380142e-02
1.761903830260121498e-02
6.436685566761110588e-02
4.208101548083722360e-02
4.946695531006710389e-02
5.855478488606406101e-02
4.446108797433945270e-02
3.916812882809441593e-02
3.708017837851023540e-02
3.144408074761950028e-02
1.844625169422979896e-02
0.000000000000000000e+00
0.000000000000000000e+00
0.000000000000000000e+00
0.000000000000000000e+00
1.272788226246457724e-03
4.241620287183454907e-02
3.354661262876281174e-03
1.218376292970219620e-02
4.521677734117594133e-02
7.571259685196922093e-03
5.202386481146542563e-02
9.114449790293224773e-02
1.493167513000299429e-01
6.007960746281962999e-02
6.136396335878049890e-02
4.537767853891256503e-02
3.980846576142938603e-02
3.470282882041576811e-02
2.648541103373409922e-02
1.553282398155446040e-02
0.000000000000000000e+00
0.000000000000000000e+00
0.000000000000000000e+00
0.000000000000000000e+00
2.713020052423397235e-03
3.047622410541931878e-03
1.174428340979630503e-01
1.488773051940512487e-02
1.285909033304956893e-02
3.472327920600149637e-02
4.327845640326344334e-02
1.241204926753047659e-02
3.204558072858106066e-02
3.667790258515345875e-02
4.198968168185508998e-01
3.055826764323631151e-02
5.788260170334375704e-02
4.624146211798739470e-02
2.628855227334272321e-02
3.092523455211858285e-02
1.132550442047669699e-02
0.000000000000000000e+00
0.000000000000000000e+00
0.000000000000000000e+00
0.000000000000000000e+00
2.105277733406382516e-03
2.024386646249847019e-03
0.000000000000000000e+00
2.223432495373712115e-03
3.747208012517641140e-03
3.022018663784679145e-03
2.515849433024177143e-02
1.945566586334208092e-01
2.429132118300955309e-02
1.567999347576847988e-02
3.859376821447171174e-02
2.808797232212679323e-02
3.005536674217546694e-02
5.071007654909555351e-02
3.768625578505568202e-02
3.011650885071888786e-02
2.338142324222130392e-02
1.087433994409377387e-02
1.399968381836631077e-04
2.191285234406433618e-04
2.192037455732406598e-04
6.005028450955176992e-04
4.368592110571514102e-04
2.863764406476151545e-04
8.126621210819665216e-04
5.422589759958006692e-04
7.389943418610032434e-04
4.122146483325248132e-04
7.533767489093159010e-04
1.073367327023324420e-03
9.946785563699259668e-04
9.281954429652762616e-04
8.897381421583061209e-04
1.922366742320477011e-03
1.362427797488870770e-03
1.179593752525094586e-03
1.453908691715680894e-03
1.398180488847167993e-03
1.041690367751753159e-03
4.382634070500822897e-03
1.549433122783490640e-03
1.457553700674857214e-03
1.698218953730797065e-03
1.922773008445861648e-03
2.279575452977427533e-03
1.285590050832869464e-03
3.180939363634133904e-03
2.023789650086119715e-03
3.369074470967877225e-03
2.520578878456195687e-03
2.444107436968438046e-03
2.335986706979474928e-03
2.221919911819871495e-03
1.823535579873291138e-03
4.590599303249437609e-03
4.271779540480344362e-03
3.717948648123520564e-03
2.957972828261385811e-03
2.436875986966276740e-03
3.393554944504042267e-03
3.064587130549749957e-03
3.445433980863515759e-03
2.719050189156224304e-03
2.914174121051051405e-03
2.283779120381574171e-03
4.426759674957224389e-03
4.904008701757547536e-03
5.241476017273669595e-03
5.008823677680551353e-03
5.737123348034767895e-03
5.276665202536328682e-03
5.381782006888033432e-03
3.947986706224260178e-03
2.804588112263256636e-03
9.759178529800406968e-03
6.490280015220333855e-03
4.968682202492600251e-03
5.690215422295165186e-03
5.957661275717175166e-03
7.354097340384424183e-03
7.356398227814242401e-03
7.588702711409549446e-03
7.579955275431333322e-03
5.391729021407391104e-03
5.425597818123619950e-03
7.218082003906969163e-03
3.531746907002468894e-03
8.447224370501783472e-03
8.992060305454527627e-03
9.198062875432053143e-03
1.080828641381232844e-02
1.243424904445689268e-02
9.532819877806917100e-03
1.177402561133098283e-02
1.109003556849776258e-02
7.323571728782554344e-03
1.153120188146651397e-02
2.147987805790718338e-02
1.290605221386548207e-02
1.411318342593573770e-02
1.504999164893194852e-02
1.762349592560307973e-02
1.437777872912726108e-02
1.206217931474213786e-02
1.330866665305757701e-02
1.462277336745829853e-02
1.447688934189212892e-02
1.446784090711545658e-02
1.049304889106852413e-02
3.390208355881087210e-02
6.256789697532373455e-03
4.930437840828054939e-03
2.917680388762148094e-03
2.109638540052453937e-02
1.473560525908883083e-02
1.925167798463863975e-02
1.892799733175679761e-02
2.160668530131906392e-02
2.171115293907663682e-02
1.801000550621828511e-02
1.958802028440500761e-02
1.808486057283791720e-02
1.273856451890210441e-02
4.243130801703553709e-03
6.924962369554636243e-04
9.024369259831443654e-03
4.025072403846734898e-02
1.983973775490097124e-02
2.658642999622252284e-02
2.550244501518184395e-02
2.242657271550376613e-02
2.295443961427091548e-02
2.272215620733919125e-02
2.499154949562659364e-02
3.189935846600457786e-02
2.816913361722189757e-02
2.406079985712690494e-02
1.646235848963544662e-02
0.000000000000000000e+00
7.333389289887616569e-02
6.510324297928805383e-03
5.406786052612911481e-02
2.910871740812769407e-02
2.352477603078005890e-03
2.448872239209935048e-02
4.056493496031731566e-02
4.552002829934970879e-02
3.589285503615145118e-02
4.740632124476969883e-02
4.066460634873337449e-02
3.756524290804440225e-02
3.307533618371925888e-02
3.090219971804078133e-02
1.798690188853714969e-02
1.829319069997790157e-03
0.000000000000000000e+00
6.854122725378296961e-04
4.134381304599902933e-03
9.575252359566902016e-02
4.872711446965472676e-02
4.110974017034023376e-02
6.041641493050096262e-02
4.306041583333798661e-02
4.339643920674438049e-02
4.808204119551443695e-02
5.453257736325314853e-02
6.101800630486560462e-02
4.756084440131740088e-02
4.614451752866683548e-02
4.085144364352503304e-02
2.300353586548115059e-02
0.000000000000000000e+00
0.000000000000000000e+00
1.268936741290867080e-02
1.088859040143227638e-02
2.024051416305066610e-03
2.230355184013744010e-02
6.128578454670510073e-02
3.565516936205210402e-02
1.698464682090294053e-01
4.122162962173328560e-02
7.165724712635393456e-02
4.395146727797123731e-02
4.964665063541082862e-02
5.889256955553694856e-02
5.210586187071604425e-02
4.115093812217084784e-02
4.336690048934305208e-02
2.665921129435100748e-02
0.000000000000000000e+00
0.000000000000000000e+00
0.000000000000000000e+00
0.000000000000000000e+00
3.468742495489233763e-03
1.081011571396038942e-02
6.023831417141112254e-02
5.233817767339427052e-02
3.727164149664383141e-02
1.756224027583809244e-01
4.308453624321144371e-02
4.637079581832911912e-02
7.809656055034887301e-02
6.312224117393126777e-02
6.016774404713553376e-02
7.190411880416450185e-02
5.061456098125351188e-02
4.393804835612675347e-02
2.663387037401805657e-02
0.000000000000000000e+00
0.000000000000000000e+00
0.000000000000000000e+00
0.000000000000000000e+00
4.118185053873069969e-03
5.463843249959727741e-03
9.897942507180354857e-03
7.153608910020677059e-02
3.510318588237121284e-02
5.409831260071882447e-02
1.564736279475202607e-01
3.785392906805556262e-02
1.104368077393247383e-01
1.165420510001855398e-01
8.935184586958751229e-02
5.716146240070822671e-02
5.459083749355281984e-02
6.159631226525374981e-02
3.882714691528960094e-02
1.849606824241385727e-02
0.000000000000000000e+00
0.000000000000000000e+00
0.000000000000000000e+00
0.000000000000000000e+00
4.428663417711810671e-03
3.009685728713243618e-03
6.517096312684830285e-03
3.977000448148064471e-02
7.446946101482516955e-02
3.910407585421857291e-02
6.369333481054445523e-02
6.220779030296963441e-02
4.395266611504178994e-02
1.007961125718861567e-01
9.919229620385962287e-02
8.062435522811239874e-02
6.078976076876244777e-02
6.792862649001764341e-02
5.166623520766486927e-02
3.791278547920171743e-02
2.258788269154331577e-02
0.000000000000000000e+00
0.000000000000000000e+00
0.000000000000000000e+00
0.000000000000000000e+00
0.000000000000000000e+00
3.447767160596966734e-03
1.030662349189290228e-02
3.213351321242240849e-03
5.085119701087481396e-03
7.713622932362705110e-03
3.053321723902512400e-02
1.069317289542018323e-02
1.243067857630196331e-02
3.942835544391132957e-02
1.311661854624175672e-01
4.304435754814573550e-02
6.398865421820286448e-02
1.835518645525445192e-01
6.670627057762587575e-02
5.267315074277351128e-02
2.538521812734099645e-02
4.060581494243269141e-02
4.602974689697074428e-04
1.372173649998723868e-03
6.319688588317314308e-04
1.258926662186061465e-03
1.121310455071252311e-03
8.320895479864166009e-04
1.177903952674303270e-03
1.893732788021845010e-03
2.313903864347050063e-03
1.479237394956612770e-03
2.594472049820410395e-03
3.525490080294206661e-03
2.227634462751125217e-03
2.473836526920536807e-03
1.671819399027548586e-03
2.814352241910234899e-03
5.360519543253582965e-03
2.749568050426426033e-03
3.053773397675865840e-03
3.998115606350488918e-03
3.512924808528358148e-03
6.238648385482967011e-03
4.482977812789352284e-03
4.529041016802596784e-03
6.045223590896203238e-03
4.616836399499175091e-03
4.681474344208175556e-03
4.312318119559343209e-03
3.534980386242671160e-03
6.319237642422144245e-03
6.948105280441363267e-03
5.439530239017020298e-03
7.054013424276162417e-03
7.521280285460994232e-03
8.254434923036646846e-03
9.789310407476055353e-03
6.697625546889149871e-03
1.005890535715571812e-02
6.658042742748184438e-03
8.256643470587493594e-03
8.155075035684758444e-03
8.651018319619112329e-03
1.048713675791135107e-02
1.048115329536923948e-02
9.076782737767637166e-03
2.506961833777257564e-03
6.795674737421016423e-03
7.205092846863095021e-03
1.185287901564090370e-02
1.605626695034675575e-02
1.937992825483569881e-02
1.345541938284955212e-02
1.399143615534155331e-02
1.632901221988458662e-02
1.348615165147440918e-02
4.494306704295935261e-04
1.355312821839958944e-03
1.750928246821881196e-02
4.250981245551072735e-02
1.402960295922371300e-02
1.303644785398048837e-02
1.834721078297197813e-02
1.785675093309596270e-02
2.271841325063130024e-02
2.376256144882714708e-02
1.700669791763009114e-02
1.269418425086575944e-02
2.358253172336479547e-02
1.192385677321317582e-02
1.078179987469584863e-02
2.317808303210166024e-02
2.500272100046976170e-02
2.494974246782364138e-02
3.071843138686509642e-02
2.930250805964742036e-02
3.364336997974196053e-02
3.317686905265614800e-02
2.898987344714704095e-02
3.594306705774437827e-03
3.018032342493467534e-03
4.662797452860843218e-03
2.210677604757056366e-02
2.704236925882572487e-02
3.182670747080602186e-02
3.353828668528976986e-02
4.692998273812351573e-02
4.070315156740341583e-02
4.291002649969624660e-02
4.343442068406059425e-02
4.579435442606417939e-02
3.225941969860419284e-02
9.183577427924732167e-04
4.177067167006676823e-02
1.324085735382993061e-02
5.719240816674629052e-02
2.173897023850668644e-02
2.698501397985223274e-02
4.381453931589081308e-02
3.368374951196955597e-02
5.255372722820297882e-02
5.612845440079104048e-02
5.830896531272773686e-02
6.457644691035323292e-02
5.890205582015092811e-02
4.030804928867048886e-02
0.000000000000000000e+00
2.913761461083002897e-03
1.046666377488605082e-01
3.777589407650205726e-03
1.678894186928771987e-02
6.356225743015191110e-02
5.823824453330164741e-02
7.932707153471327266e-02
7.808835360078851540e-02
7.897518143241108457e-02
8.737896913218574924e-02
8.688729154464248927e-02
8.981175992713735790e-02
7.455459329860482376e-02
5.722153766233546712e-02
5.657575848220917220e-02
1.025109150233394044e-03
1.540329701049754927e-03
1.841980366502852379e-02
4.000767181598191558e-02
5.535764948821682296e-02
1.073863699431991392e-01
9.616999128416425791e-02
6.147800818705910497e-02
8.854672672981638015e-02
8.780080595668526833e-02
1.075178447518285313e-01
1.059505577747787003e-01
8.963343959248673554e-02
1.035386405280470656e-01
6.441412764305010086e-02
0.000000000000000000e+00
0.000000000000000000e+00
0.000000000000000000e+00
5.267248605311678801e-03
1.045508144903665865e-01
5.934684590320941228e-02
1.307777280469203940e-01
1.211054901757866592e-01
1.013367262698943172e-01
1.311603094790364799e-01
1.348851486273526523e-01
1.478057982715733354e-01
1.947797573863168652e-01
1.634151903088743307e-01
1.588280069955262941e-01
1.281680216087122681e-01
7.207939008647983037e-02
0.000000000000000000e+00
3.503461685406031659e-03
3.230420687182476193e-03
3.627631628196500112e-03
1.075010292991815733e-02
6.900775863484238937e-02
4.616602280505066602e-02
6.963752871048298210e-02
1.446493598088233745e-01
8.679619931293953983e-02
1.350761288350879330e-01
1.012926249726536360e-01
1.227076189824338470e-01
1.516014115170116472e-01
2.174125253174240824e-01
1.556244354766961879e-01
1.294906821647296147e-01
7.551856779406199149e-02
0.000000000000000000e+00
0.000000000000000000e+00
0.000000000000000000e+00
0.000000000000000000e+00
1.010138774010793834e-02
6.091677646538581209e-02
1.454736219456957969e-01
5.537435943219987111e-02
4.510770695887585807e-02
2.184413289355943422e-01
1.595541897906078421e-01
3.250027423890846090e-01
1.338907222036669897e-01
2.282520641582289900e-01
1.800791027622124230e-01
1.767328475442814517e-01
1.562825792860367546e-01
1.505886024895957132e-01
8.341419436183790392e-02
0.000000000000000000e+00
0.000000000000000000e+00
0.000000000000000000e+00
0.000000000000000000e+00
1.080439568474837915e-02
1.382797253046145688e-02
9.681213194294545007e-03
1.435014176934500951e-01
1.378166160029003773e-01
1.455600295972465930e-01
7.545362577429684525e-02
1.279181190431468995e-01
2.262994503861568973e-01
3.038845839032646157e-01
2.860264653692063952e-01
2.077173459113021703e-01
1.413877785190111314e-01
1.579065268520402632e-01
1.131502430199254061e-01
1.188773632753984399e-01
0.000000000000000000e+00
0.000000000000000000e+00
0.000000000000000000e+00
0.000000000000000000e+00
6.390700013281578988e-03
1.363046669913576592e+00
1.188046774403388704e-02
1.674721682866092687e-02
2.546274283288200296e-02
8.824015925516420777e-02
2.109106192105831279e-01
2.583975189834307740e-01
1.679829810495117870e-01
3.784820781831037539e-01
2.865694549896417032e-01
2.277744955411408756e-01
2.304970192899025438e-01
1.213266170759261520e-01
1.719314087845198735e-01
2.285905212566897715e-01
8.224406880740570136e-02
0.000000000000000000e+00
0.000000000000000000e+00
0.000000000000000000e+00
0.000000000000000000e+00
5.806117687419192278e-03
1.049549841148635088e-02
1.366948819109527549e-02
7.956958738776647583e-03
3.296018898737291258e-01
1.618276799430289764e-02
7.681662678430599411e-02
1.183123397892096723e-01
2.999476807669418932e-01
1.026630927897597273e-01
8.445594062311015948e-01
6.359444915849198354e-01
2.156363079101813740e-01
3.037611234638507018e-01
1.613267650001182218e-01
1.135221753039288989e-01
1.031691520973226223e-01
3.997675964794792508e-02
7.405622757251057809e-04
1.817400276903169930e-03
4.043473244298103242e-04
3.414528553950648814e-03
1.138780062856829161e-03
6.821569803605334820e-04
1.875747648837951340e-03
2.525052227476444651e-03
2.134155702254240863e-03
3.676209682149406566e-03
1.848294957271404615e-03
4.962993654029738966e-03
2.588807458279668381e-03
5.054141710324908110e-03
2.910455938776005877e-03
3.482007943524227569e-03
4.546427256556847402e-03
4.706295788042358028e-03
1.212895955682076650e-02
4.645038648066140453e-03
2.917246065119707011e-03
2.203116932175105958e-03
3.367413487433671641e-03
3.164003204757882132e-02
5.476831340214313032e-03
1.483287099844630627e-03
8.019519981944188414e-03
5.763301293779062029e-03
0.000000000000000000e+00
7.968447605313717583e-03
6.702196082567018435e-04
1.654876067882867299e-02
5.806819159052104343e-03
1.227828427374589963e-02
1.276799312841110645e-02
1.255023730273695758e-02
1.099457378267061636e-03
9.431642602186580612e-03
7.945468458748463497e-03
2.678661605305152505e-03
6.919552618260715882e-03
1.534532477285022872e-02
1.345314293095765598e-02
2.755194555801658909e-02
1.131263667312038153e-02
6.026565633681743583e-03
1.227663426948558687e-03
1.229755599678849023e-02
1.589937069760514673e-02
1.835813376945190020e-02
2.116456210199857066e-02
1.568885703316699395e-02
1.750751702235040300e-02
2.719028401805311662e-02
1.982412242044724604e-02
2.678623988452378396e-02
0.000000000000000000e+00
2.455866364658580714e-02
3.290805934079669981e-02
1.284248984704953155e-02
2.177945516040831128e-02
3.816930973888696399e-02
2.428988786499028038e-02
3.664623246156215736e-02
3.909218512047495792e-02
3.091409668170815722e-02
5.140314593593801711e-03
0.000000000000000000e+00
8.209959365075731111e-03
1.611892441221318695e-02
2.623089552678116443e-02
5.251900361510126319e-02
4.342676139257204554e-02
5.228223369555813627e-02
6.349514050960049227e-02
5.034452143590904816e-02
6.009485725678998663e-02
3.478391152259828478e-02
1.167702417193898154e-02
0.000000000000000000e+00
1.416977134872232647e-02
2.396701400809353455e-02
3.085902009898992826e-02
4.118155652321886517e-02
4.213963824294759963e-02
3.306700393197499477e-02
7.608694262356326121e-02
4.025708777575532499e-02
8.051224692828587437e-02
8.761862172354671630e-02
7.266137928035701354e-02
0.000000000000000000e+00
1.473727548199078126e-03
6.662800563601722556e-03
2.412868049800931045e-03
4.311817465280746303e-02
4.448006774846598177e-02
2.036883284962517915e-02
7.840832091433146134e-02
6.277875277400296605e-02
6.269063741726096928e-02
9.711064359820284486e-02
9.560965688617881209e-02
8.516491454880198431e-02
7.477697249430528825e-02
1.617483154197547346e-01
1.433180829736869881e-02
2.084320024493916627e-03
1.970789790867068236e-02
9.354607678215397237e-02
3.654445090007259200e-02
8.335982151840698462e-02
6.943484654596776551e-02
9.739952367018617219e-02
1.666096417713061051e-01
1.228639180201917813e-01
1.138923990197091979e-01
1.385423538044583402e-01
1.354502133251025420e-01
7.065743052570877536e-02
0.000000000000000000e+00
5.841816294628741218e-02
0.000000000000000000e+00
1.200966638070852591e-02
5.443557938364296245e-02
6.504053195744609328e-02
3.387535372417989354e-02
6.039682497097865338e-02
1.451540878354251884e-01
2.030741052934262325e-01
2.184195723834140290e-01
1.576311991692244119e-01
1.498538751202003749e-01
2.135550303205510925e-01
1.738090376246843594e-01
1.222423137716830144e-01
0.000000000000000000e+00
0.000000000000000000e+00
3.727805517172405603e-01
0.000000000000000000e+00
3.599721376675824036e-02
3.611045307856049214e-02
2.994338759362196595e-02
1.862668317176898736e-01
1.062947826523925471e-01
1.961146290963174388e-01
3.782188831611767998e-01
2.081631448693550546e-01
3.250174602045584060e-01
2.015016484945239272e-01
2.322717480579110094e-01
1.742347391381378896e-01
1.300562147738520691e-01
0.000000000000000000e+00
0.000000000000000000e+00
2.854078835988324223e-02
0.000000000000000000e+00
9.611691261376957562e-02
0.000000000000000000e+00
7.018166847363845884e-01
4.569434673720859652e-02
1.321760547725750190e-01
1.416367810510587300e-01
2.093869837754306906e-01
1.506101544832386396e-01
3.800019387548675964e-01
3.381363455768959247e-01
2.578627992304225458e-01
4.122821668112727767e-01
2.823174857964962925e-01
2.554965083486259725e-01
0.000000000000000000e+00
0.000000000000000000e+00
0.000000000000000000e+00
0.000000000000000000e+00
8.755124081221105775e-03
9.091662588242464815e-02
1.470674109852460748e-02
2.399285188754670534e-02
4.318650969064536382e-01
2.865284233088927768e-01
1.109130531526648367e-01
1.823818014518933939e-01
1.508675591350333856e-01
2.350773831736401864e-01
2.656352321249004222e-01
4.289973131884524116e-01
3.301253375482666730e-01
1.853707469557535903e-01
1.420886346204026929e-01
0.000000000000000000e+00
0.000000000000000000e+00
0.000000000000000000e+00
0.000000000000000000e+00
1.377193026786804192e-02
1.995696808654164739e-02
1.133841214271525191e-02
4.774517248873407643e-02
2.948239575736275736e-02
2.254609767123217923e-01
4.017152571032963082e-01
2.484397065312867192e-01
2.006329992989571986e-01
4.758632684257425027e-01
2.058962235138859509e-01
5.031487881921616889e-01
2.329311836238635025e-01
2.502397234162804240e-01
2.283999250684852766e-01
1.084906808455020910e-01
0.000000000000000000e+00
0.000000000000000000e+00
0.000000000000000000e+00
0.000000000000000000e+00
1.584127151027592273e-02
1.650217286733519223e-02
8.829744776033930306e-03
1.727674809136083359e-02
4.540580325561720254e-02
3.407096084817427123e-02
5.450175697066698272e-02
1.981634996355355061e-01
6.490549802851632022e-02
1.218323449716433027e-01
3.519740834649517369e-01
1.845629730398560264e-01
2.308620811557810515e-01
9.916440500668312064e-01
1.688580285401877490e-01
2.030273423311113323e-01
1.059079201547875881e-01
0.000000000000000000e+00
0.000000000000000000e+00
0.000000000000000000e+00
0.000000000000000000e+00
0.000000000000000000e+00
1.080531118494858396e-02
5.176440522061541601e-03
1.496271487670402210e-02
2.247351095830970105e-02
2.190381191900572788e-02
1.306139620915799604e+00
9.383066850702826978e-01
6.365956144064890965e-02
7.279393970659955859e-02
2.214957756175983394e-01
3.702344557191650787e-01
3.823501747890095115e-01
1.833352971231431428e-01
2.025362942711270986e-01
1.648240144979004618e-01
1.834660606311052378e-01
2.833059711100115868e-02
