2.677197750106729002e-01
3.985218925963129877e-01
3.918703815074414676e-01
4.961769173328297589e-01
7.275798259075587637e-01
0.000000000000000000e+00
1.512995825676648698e+00
7.202175773975423301e-01
2.003057664344533251e+00
0.000000000000000000e+00
0.000000000000000000e+00
4.950027379865312160e-01
3.135781842444198997e+00
3.538309146578666908e+00
1.808532271363624711e+00
0.000000000000000000e+00
0.000000000000000000e+00
4.264735416393567569e+00
4.492232318983227835e+00
1.928807745261851947e+00
6.896524520503456657e+00
0.000000000000000000e+00
0.000000000000000000e+00
0.000000000000000000e+00
0.000000000000000000e+00
0.000000000000000000e+00
3.172823134608645290e+00
1.823879695524258215e+00
0.000000000000000000e+00
0.000000000000000000e+00
1.259850372926266449e+00
2.071480316874664052e+00
3.513075434827043431e+00
2.426660029920205019e+00
2.920319931723470486e+00
4.387341975768014102e+00
0.000000000000000000e+00
1.927281537837303382e+00
1.594976714581915145e+00
1.646686801906368069e+00
9.732647929948836207e+00
4.746532821013629277e-01
1.482135888428000392e+01
6.384733616591920402e+00
1.029208224316430709e+01
6.645480275615760490e+00
0.000000000000000000e+00
4.784392363119222225e+00
0.000000000000000000e+00
4.005249983265165348e+00
6.365349580074320279e+00
4.548886670847239522e+00
8.617443882222177720e+00
1.504009330147476220e+01
2.085573552189085689e+01
0.000000000000000000e+00
2.514886297833302820e+01
7.397018701140086527e+00
2.068150234795570697e+00
7.115271404061314975e+00
1.337347598603416010e+00
1.870809075773722086e+01
2.235220645134563977e+00
1.525851180191153666e+01
9.498855476676320464e+00
2.419515814094277673e+01
0.000000000000000000e+00
0.000000000000000000e+00
0.000000000000000000e+00
3.042357618722751345e-01
6.715373384560323622e+00
5.080613150267839551e+00
2.296973577470205896e+01
5.761055727682190764e+00
2.048747138894146858e+01
3.084813071644475713e+01
4.312103938689097049e+01
3.264233817987127395e+01
0.000000000000000000e+00
1.151813160534384650e+00
0.000000000000000000e+00
3.778973744584131822e+00
3.168794025660515601e+00
1.235589291832770797e+01
2.515153541411470073e+01
7.076059749689269651e+00
1.115953006077836207e+01
2.335289552528656287e+01
3.348506574760023824e+01
3.328892474346730523e+01
4.448725556275673654e+01
5.788896213021469350e+01
0.000000000000000000e+00
3.044165227690666331e+00
0.000000000000000000e+00
0.000000000000000000e+00
6.556579470166351564e-01
2.572715537565473554e+01
2.312455377043899363e-01
6.700301173503302010e+00
8.117695170559075279e+01
8.686296299965334811e+00
5.666262212266512677e+01
9.985199293470400050e+01
5.736891062746481396e+01
0.000000000000000000e+00
0.000000000000000000e+00
0.000000000000000000e+00
0.000000000000000000e+00
1.188642564883295671e+00
0.000000000000000000e+00
4.068015312819944107e+00
2.974074358315028377e+01
4.052446394790661088e+01
5.500316123411846725e+00
7.030832623059097841e+01
7.017935773800488164e+01
8.066480336437136600e+01
1.263198916509695238e+02
1.015729648718636042e+02
0.000000000000000000e+00
0.000000000000000000e+00
0.000000000000000000e+00
0.000000000000000000e+00
0.000000000000000000e+00
0.000000000000000000e+00
4.728829874580169701e+01
1.342381401231286020e+01
1.467122924271210316e+01
6.216782797260645310e+01
9.365445021111112212e+00
9.974460595455475698e+01
8.414557702870268940e+01
5.939478130355437457e+01
9.516042891406009119e+01
7.333576276415251982e+01
0.000000000000000000e+00
0.000000000000000000e+00
0.000000000000000000e+00
0.000000000000000000e+00
0.000000000000000000e+00
1.838765045965804035e+01
2.909403246118115405e+00
0.000000000000000000e+00
2.503673659210354341e+00
6.049293713892264890e+01
5.510913467975226965e+00
1.776988066815023615e+01
5.926531019891251972e+00
6.846357216286355651e+01
3.321390074645548793e+02
1.384767140300586163e+02
7.789185869996086353e+01
0.000000000000000000e+00
0.000000000000000000e+00
0.000000000000000000e+00
0.000000000000000000e+00
0.000000000000000000e+00
8.581414392554199821e+01
0.000000000000000000e+00
2.140336402463961729e+00
1.292246077697777995e+00
4.172102736872898454e+00
6.288307747295800709e+01
1.169921864825894708e+01
4.262974127605981778e+01
7.606296592298247106e+01
7.545619061620485013e+00
1.217399739474133611e+02
2.047502816286293807e+02
1.530311804042419510e+02
0.000000000000000000e+00
0.000000000000000000e+00
0.000000000000000000e+00
0.000000000000000000e+00
0.000000000000000000e+00
0.000000000000000000e+00
0.000000000000000000e+00
2.400979943959508756e+00
1.318186702338069116e+00
2.217920715619092320e+00
2.563362858403310351e+00
3.123278956667751682e+00
2.400158316065858060e+02
8.090327201079136898e+01
1.109377567143476284e+01
1.512424550196037920e+01
6.697667837965495607e+01
2.627400121633498387e+01
0.000000000000000000e+00
0.000000000000000000e+00
0.000000000000000000e+00
0.000000000000000000e+00
0.000000000000000000e+00
0.000000000000000000e+00
0.000000000000000000e+00
0.000000000000000000e+00
0.000000000000000000e+00
0.000000000000000000e+00
3.267285377791587120e+00
1.414536905591457838e+00
2.177307099160814996e+00
0.000000000000000000e+00
1.220092091476154650e+02
6.154761657693361698e+00
1.213455715433728699e+02
1.564099772813859488e+02
0.000000000000000000e+00
0.000000000000000000e+00
1.106194286116707275e+02
0.000000000000000000e+00
0.000000000000000000e+00
0.000000000000000000e+00
0.000000000000000000e+00
0.000000000000000000e+00
0.000000000000000000e+00
2.027545217178709613e+00
0.000000000000000000e+00
0.000000000000000000e+00
0.000000000000000000e+00
1.325925744672107998e+00
1.283581781932780386e+00
0.000000000000000000e+00
0.000000000000000000e+00
0.000000000000000000e+00
1.874303760706778803e+02
1.771202021183261195e+02
7.873594446835672045e+01
0.000000000000000000e+00
1.245770156460714340e+01
0.000000000000000000e+00
0.000000000000000000e+00
0.000000000000000000e+00
0.000000000000000000e+00
0.000000000000000000e+00
0.000000000000000000e+00
0.000000000000000000e+00
0.000000000000000000e+00
0.000000000000000000e+00
0.000000000000000000e+00
0.000000000000000000e+00
0.000000000000000000e+00
0.000000000000000000e+00
0.000000000000000000e+00
0.000000000000000000e+00
0.000000000000000000e+00
0.000000000000000000e+00
0.000000000000000000e+00
0.000000000000000000e+00
0.000000000000000000e+00
0.000000000000000000e+00
0.000000000000000000e+00
0.000000000000000000e+00
3.084822345470282778e-01
7.326608108765323424e-01
6.063322202967318386e-01
2.954242175483307031e-01
1.089119088332769714e+00
1.592123210800673094e+00
5.476294363921717645e-01
1.032942139022030803e+00
1.337671373185402190e+00
2.456427656153962857e+00
5.787077248344748570e-01
6.019905038874429071e-01
8.836737391906213102e-01
9.921279920148620146e-01
3.189690637295652387e+00
4.594770842623409068e-01
1.074330679710563841e+00
7.267417044992479092e-01
1.830517309941663173e+00
2.251582276875317756e+00
2.246653203645592178e+00
0.000000000000000000e+00
9.567859157104444678e-01
2.181833609425058551e+00
2.967874298101589314e+00
3.069788140883026095e+00
3.783382449712709317e+00
6.290791122092456611e+00
1.988314908021769911e+00
1.130624598690674665e+00
1.587513426946513651e+00
2.652313198469969269e+00
5.252505982503405058e+00
5.179525241499228549e+00
8.087828767676342068e+00
8.404799031628115813e+00
1.519900942963069712e-01
5.059298153317856261e+00
8.512739458601109588e-01
3.005323139769861651e+00
5.255503896827184107e+00
5.495467072835528377e+00
8.023837272093361506e+00
1.057430770439294854e+01
1.684778345306908065e+01
0.000000000000000000e+00
1.732287435512822382e+00
2.994353987086209035e+00
2.181957843339564995e+00
9.888947043057218167e+00
4.741708988786340839e+00
1.109562394384133910e+01
1.381637928621142741e+01
1.919807368839105166e+01
2.606771928195388099e+01
0.000000000000000000e+00
1.370136892316998478e-01
1.226505848358294681e+00
2.721692412361924607e+00
3.693637528922811608e+00
4.251941669877124852e+00
8.564936852613049822e+00
9.893631420299326962e+00
2.418286156914237139e+01
2.396670973339629995e+01
2.671782455751904806e+01
1.657822338110833016e+00
8.489068205388654587e-01
3.050240824564689479e+00
2.830746117115216176e+00
3.532658150753931636e+00
4.192385036118594144e+00
1.090905544776512848e+01
1.897536705886261643e+01
2.282306377925937113e+01
2.801531763892509375e+01
3.314869209562214536e+01
4.008789673712336565e+01
1.392276046668664335e+00
0.000000000000000000e+00
2.019611589283149211e+00
3.869207186635715612e+00
5.706661116887928209e+00
1.125022030337737355e+01
1.239137007921611477e+01
1.261130126720454214e+01
2.473197948510437527e+01
2.830985657578341019e+01
3.500317858355864331e+01
6.893803468475654483e+01
6.446672066153013247e+01
1.980005146409615557e+00
9.103972984188535733e+00
0.000000000000000000e+00
4.846558195378275258e+00
4.279154396343843203e+00
1.260934846767716344e+01
1.254358535491821769e+01
1.611380276031121284e+01
2.179576882579506147e+01
3.676033076758913865e+01
4.696265572597293669e+01
5.461875791664805746e+01
8.516705441159061252e+01
1.083779452834452997e+02
0.000000000000000000e+00
0.000000000000000000e+00
9.896354607434167949e-01
7.135788838295004100e-01
5.982553044288983379e+00
1.374064362508273518e-01
1.818460852193832977e+01
5.922466410715719221e+00
1.295113107210019265e+01
3.820607666517317114e+01
3.483989111287204565e+01
6.467828238093414939e+01
7.171977577084261668e+01
8.033108075951079741e+01
1.202714743407177735e+02
0.000000000000000000e+00
0.000000000000000000e+00
0.000000000000000000e+00
1.257577882921092849e+00
3.245479849618438273e+00
8.521257055929522650e+00
3.606535188835719197e+01
1.069106725821684734e+01
1.792438846452549583e+01
3.076442993570853801e+01
2.954039258907666365e+01
5.491641446298955742e+01
6.414369532654660588e+01
1.074087833901037499e+02
1.102492585029091998e+02
1.335594527761468271e+02
0.000000000000000000e+00
0.000000000000000000e+00
3.219563046811849905e+00
0.000000000000000000e+00
8.131406970088389530e-01
2.622138235522192495e+00
9.128696365549476610e+00
2.614827214804392241e+01
1.448388811178322833e+01
1.819797801589956521e+01
4.988729548561507698e+01
7.712751136114225403e+01
6.261689542647636131e+01
8.842232975944196482e+01
9.858895704715396846e+01
1.016270712352999794e+02
1.572462123536569720e+02
0.000000000000000000e+00
0.000000000000000000e+00
0.000000000000000000e+00
0.000000000000000000e+00
5.469201865785338068e-01
9.163865338607375399e-01
1.049723360949410420e+02
1.131069180596183799e+01
5.302066529601920486e+00
3.107717828851255248e+01
2.299466523976638754e+01
2.448967655429154888e+01
3.578357339866330733e+01
7.493489815518096009e+01
7.393852197215045408e+01
9.872719607224811966e+01
7.751170400669128924e+01
1.274913662067371263e+02
0.000000000000000000e+00
0.000000000000000000e+00
0.000000000000000000e+00
0.000000000000000000e+00
0.000000000000000000e+00
0.000000000000000000e+00
0.000000000000000000e+00
1.852527853426551685e+00
3.656365265225268057e+00
4.425305001425827811e+01
1.695321113741101016e+01
1.913095023176073894e+01
3.529603297121355610e+01
3.238417122592930752e+01
4.681146665628706671e+01
6.855912029654228945e+01
5.787888875379672982e+01
6.461643931515875749e+01
5.356966406961175409e+01
0.000000000000000000e+00
0.000000000000000000e+00
0.000000000000000000e+00
0.000000000000000000e+00
0.000000000000000000e+00
0.000000000000000000e+00
8.331695893430522970e-01
0.000000000000000000e+00
1.096037565936660307e+01
1.638837132731617574e+00
1.230551761643235942e+01
2.142350336087763552e+01
2.046246449205955287e+01
1.892252914396166474e+01
2.901588251574549915e+01
2.035806303381935578e+01
2.049023174414378090e+01
7.960284520397054564e+01
6.597668474539653971e+01
3.143213415279521783e+01
0.000000000000000000e+00
0.000000000000000000e+00
0.000000000000000000e+00
0.000000000000000000e+00
0.000000000000000000e+00
0.000000000000000000e+00
5.941097660328995556e-01
0.000000000000000000e+00
0.000000000000000000e+00
1.055394720752071969e+00
2.665787041089962006e+00
1.216687920838958448e+01
6.549839422972232317e-01
1.411580001692416531e+01
1.259271422733900136e+00
1.141069570805484688e+02
3.375841753252198885e+01
1.074431144938442806e+01
4.833928828744416961e+01
1.662820968930926213e+01
4.154182148149823917e+01
0.000000000000000000e+00
0.000000000000000000e+00
0.000000000000000000e+00
0.000000000000000000e+00
0.000000000000000000e+00
0.000000000000000000e+00
1.179842918861511691e+01
0.000000000000000000e+00
0.000000000000000000e+00
4.196872196972298297e-01
0.000000000000000000e+00
8.593695775456785668e+01
0.000000000000000000e+00
0.000000000000000000e+00
4.902033365712267710e+01
1.650494171951227163e+00
4.918603376398456462e+00
5.103947235799942916e+01
1.890335224090404509e+01
1.187549546789582777e+01
5.655135689090242224e+00
2.545405360471907485e+01
3.649313350500150710e-01
6.852932608279740379e-01
1.092938031461432979e+00
9.673704732019953179e-01
8.747316087649061878e-01
1.708628880209617895e+00
1.171697194465668002e+00
8.600653519822938353e-01
1.405349086307810191e+00
1.058065039019345344e+00
9.525594916840798287e-01
1.347086193396633602e+00
9.219440905098945649e-01
1.687994104855235822e+00
2.199297994987880145e+00
2.240173169156449151e-01
9.567772480682045222e-01
1.375608828942448625e+00
1.991433753932303263e+00
2.987727454513073866e+00
3.420772019448668377e+00
7.430183504198031308e-01
2.489935345107233466e+00
1.874314681699501106e+00
1.998649163079636137e+00
4.148273408035763055e+00
4.413217397921491703e+00
4.755565219007678479e+00
4.611738838562181586e-01
1.497935831301897558e+00
1.508383770219908548e+00
4.002500342598978911e+00
5.811871824685749921e+00
6.475888853222805608e+00
7.720663135805497568e+00
8.274444225725638091e+00
1.037579106500069182e-01
1.740803188308528426e+00
8.424792680847860149e-01
3.511475303869913134e+00
6.311543295513588170e+00
7.349263885008511465e+00
1.024533431159195551e+01
1.202951442406810578e+01
1.546062945166886138e+01
1.297530019800961831e+00
4.154780175448379964e+00
2.184774909020278599e+00
9.038493325944312318e+00
8.629034932061438568e+00
5.942598564308691600e+00
1.080942202088136206e+01
1.158126805580399576e+01
1.741506250534650135e+01
2.801626562949856947e+01
1.435459379978031302e+00
0.000000000000000000e+00
4.511986920576513072e+00
1.069399311615234049e+00
4.565084979462721293e+00
7.283322883674212100e+00
1.020434566729319670e+01
1.838089285824718644e+01
2.051757432764722111e+01
2.336794694131775785e+01
3.034524509427774319e+01
2.325436227702921688e-01
3.193459918858057023e-01
1.895704979515104860e+00
6.829059230636673306e+00
5.444747150222756460e+00
5.278571675595120638e+00
1.387729072188453472e+01
2.050126734657632710e+01
2.427153295670201061e+01
3.070827964058963744e+01
4.797060851355480082e+01
5.161662003003215915e+01
3.835501410082090779e+00
6.017419250119904195e-01
2.274719010526601082e+00
2.673481557733058178e+00
4.340051460340082379e+00
8.490839325395690196e+00
1.132389334596556019e+01
1.824629325543169500e+01
1.614925342885977955e+01
3.493047807185977405e+01
5.277878223464320229e+01
6.237490879468431615e+01
7.892674759496912884e+01
1.601804616126966396e-01
0.000000000000000000e+00
8.832885468228401926e-01
2.254004196143944316e+00
4.508367067323789001e+00
1.129567878876954801e+01
1.299781762688620823e+01
2.170901186788914572e+01
2.875814955321386179e+01
3.214683077009750889e+01
5.172827805462085848e+01
7.444484523866931625e+01
7.784162577124983784e+01
9.517014579628609283e+01
0.000000000000000000e+00
0.000000000000000000e+00
9.906686338020890048e+00
4.422040243600578791e+00
1.298121018002366345e+00
8.644099367780716747e+00
1.527639281813912753e+01
1.537190259800930114e+01
1.495943278320008929e+01
4.127075243045321429e+01
4.587217035812219734e+01
6.814360514594179108e+01
1.028189396849707151e+02
1.061734842135193162e+02
1.103278518255119280e+02
0.000000000000000000e+00
0.000000000000000000e+00
7.031606965027020983e+00
1.190044786117501197e+01
1.463137237137346780e+00
1.173595301467016050e+01
1.445283743233528639e+01
1.310239261866865945e+01
3.564672680368234126e+01
3.272614122910061951e+01
5.080030644731812828e+01
8.213141029773152013e+01
8.257178625994137633e+01
1.012488695677988488e+02
1.100567286930322695e+02
1.441753007531683295e+02
0.000000000000000000e+00
0.000000000000000000e+00
0.000000000000000000e+00
2.552346494932144161e+00
4.524708265963246134e+01
1.211738024804258629e+00
1.860082187490036887e+01
2.699605534489197112e+01
4.969637323993698885e+01
2.756159872050315229e+01
4.327285972472801490e+01
7.564609511047862611e+01
6.303180142080380932e+01
1.020482922860034449e+02
1.073806727030831212e+02
1.142645713611051121e+02
1.268253358784449034e+02
0.000000000000000000e+00
0.000000000000000000e+00
0.000000000000000000e+00
4.449452445519482779e+01
7.998491213204938788e+01
9.080753168927512275e-01
2.237544588856258798e+01
7.239843508835955843e-01
1.268231309295417297e+01
1.750124801862482116e+01
4.439708733148103192e+01
4.129869042108268218e+01
6.636914610329523612e+01
1.009579065340864048e+02
8.930380366828950400e+01
9.092604245517105710e+01
1.195551861260756965e+02
1.276761664056740671e+02
0.000000000000000000e+00
0.000000000000000000e+00
0.000000000000000000e+00
0.000000000000000000e+00
0.000000000000000000e+00
1.357169996842953363e+00
2.605986105898776994e+00
6.617788149749989079e-01
2.197302763464476616e+00
3.122357226102058547e+01
2.513047802885721893e+01
6.245440794238585624e+01
6.661760501885603958e+01
2.306264692037305863e+01
6.635314382853626114e+01
6.452767643195785752e+01
8.599447420923218033e+01
5.883236917271801758e+01
5.861558124541143400e+01
0.000000000000000000e+00
0.000000000000000000e+00
0.000000000000000000e+00
0.000000000000000000e+00
0.000000000000000000e+00
7.508036431514136799e-01
0.000000000000000000e+00
1.074230581389531702e-01
9.255479939334444239e+00
2.112798449004917423e+00
4.946902176419903441e+01
3.125887819373232546e+01
1.538516188455017897e+01
3.582781527756171158e+01
6.959703437589776343e+01
5.166820072943545483e+01
5.667761324788590116e+01
4.174949080694111814e+01
4.936505026388976347e+01
2.353413721780913903e+01
0.000000000000000000e+00
0.000000000000000000e+00
0.000000000000000000e+00
0.000000000000000000e+00
0.000000000000000000e+00
6.593922920708974456e-01
0.000000000000000000e+00
1.830575600509938727e+00
7.156857737601376446e-01
2.513697590364600032e+01
7.622455123868507876e-01
6.889057820598134185e+01
3.231103894544044408e+01
6.200830801730112363e+00
4.951778690201230404e+01
4.061756895981926618e+01
4.298077143616105644e+01
3.049018370420470347e+01
2.620956837033155651e+01
4.158809223919228515e+01
1.563520279657933010e+01
0.000000000000000000e+00
0.000000000000000000e+00
0.000000000000000000e+00
0.000000000000000000e+00
0.000000000000000000e+00
0.000000000000000000e+00
5.918368545416337057e-01
0.000000000000000000e+00
0.000000000000000000e+00
0.000000000000000000e+00
4.706117353090723543e-01
2.872513837030860628e+01
2.853562514204240674e+00
0.000000000000000000e+00
2.492035586241813050e+01
5.158747996754281218e+01
0.000000000000000000e+00
3.774614326875240522e+01
3.213344558494480907e+01
6.060547115961573894e+01
1.686102373496994389e+01
0.000000000000000000e+00
5.840912430744469308e-01
5.982139892489715116e-01
7.560913859044855467e-01
7.395689412435564325e-01
7.398985216273810117e-01
1.304270377091544475e+00
7.523021211184812707e-01
1.224743788643724240e+00
1.054629986565797539e+00
1.681467684276594765e+00
8.744041926315020419e-01
7.996158488889995031e-01
1.425622072302970444e+00
2.179097983567009678e+00
2.714751578135361942e+00
2.364158820448529763e+00
1.290994521058720368e+00
2.051554648668493019e+00
2.560383380681488852e+00
3.060536511175427687e+00
4.860575965029019230e+00
1.064863919270314430e+00
2.478875838464502657e+00
3.488443263798194582e+00
2.426813209728188703e+00
4.089439628174321939e+00
4.535854727650527884e+00
6.185643468413690726e+00
6.920586931816291587e-01
1.392378744475887942e+00
7.241932885364330552e-01
3.706984382743002016e+00
6.041534897404907234e+00
5.073012084044883352e+00
7.445938167572837330e+00
1.052156010154932808e+01
1.352454954873105963e+00
2.903829687387212033e+00
1.251495133120344105e+00
4.196635859839322080e+00
4.413172377131254542e+00
7.122954440806187115e+00
9.225737451469299799e+00
1.187778429218059983e+01
1.628791593513658853e+01
1.866245809402726219e-01
1.522591094344333928e+00
2.857762620739937365e+00
3.649967201565720742e+00
4.091145858080467157e+00
8.550871669081811177e+00
1.268944833143064344e+01
1.527429350967502231e+01
1.869265785686071268e+01
2.189686599518993759e+01
2.495498845519204423e+00
2.680699528049196534e+00
2.451572194080883893e+00
8.608902019742362910e+00
5.778947693534073338e+00
1.036261203155922672e+01
1.152621698299259023e+01
1.962293542268958646e+01
2.291924828166027339e+01
3.179350001766181677e+01
3.760977329333903896e+01
2.049673721685311367e+00
7.348326619772529433e-01
1.323222637392687639e+00
5.633557223822222682e+00
5.088195070761407202e+00
1.149431226692829533e+01
1.492560761294836524e+01
1.738521198775285725e+01
2.774437101460499022e+01
3.526618883111697045e+01
4.799775511319199239e+01
6.258455281343521648e+01
0.000000000000000000e+00
2.464166282185606072e+00
1.528475795846766960e+00
3.077355567365484657e+00
5.407855619649877710e+00
1.434055071607497389e+01
1.059091740703419937e+01
1.814062167864857855e+01
3.284329975541324131e+01
3.776692075128238457e+01
5.096939033786188133e+01
6.760505872488180046e+01
8.631452693824971334e+01
0.000000000000000000e+00
1.083744442007698178e-01
2.825795008010933085e+00
4.723645202459588965e+00
1.562787355087020602e+00
9.576737199299209635e+00
1.552830666962630701e+01
1.572072066392387057e+01
3.071452300613058384e+01
3.797913871623046589e+01
5.580845698062807259e+01
7.056143404352263815e+01
8.953315167512603523e+01
1.070799705438309388e+02
1.043354707572455992e-01
0.000000000000000000e+00
1.373787951001237850e+00
6.270591925350569307e-01
8.471766046116750104e+00
1.192432836269592933e+01
1.580211370355698897e+01
1.529442530102170927e+01
2.636600384747012882e+01
4.386681662644694057e+01
6.700872473549952701e+01
6.936999541283319104e+01
9.801996759189270847e+01
1.148482532456696816e+02
1.164249645133777307e+02
0.000000000000000000e+00
7.060030987115177936e+01
1.596260119979845093e+01
8.106748429806245326e+00
2.639876077143344268e+00
6.993681124728312604e+00
1.357368256441594667e+01
2.438241932307461468e+01
3.213945921968272046e+01
4.302325957739560636e+01
5.439158974848681538e+01
7.808172161052443982e+01
9.479937281205135946e+01
1.156421785559727056e+02
1.435805020272270269e+02
1.374039596592245118e+02
0.000000000000000000e+00
0.000000000000000000e+00
0.000000000000000000e+00
3.900996502861136417e+00
3.049692801142423749e+08
7.884556761762085308e+00
5.479786452338525571e+00
1.665307616331639196e+01
2.494490904123372488e+01
1.821047273169268621e+01
5.238081779653494863e+01
6.966826167636190803e+01
1.031827606348078064e+02
1.233117933268397479e+02
1.265259073518797948e+02
1.296835704790698571e+02
1.408420143809447893e+02
0.000000000000000000e+00
0.000000000000000000e+00
0.000000000000000000e+00
3.888247547647833535e+00
4.976401843398915448e-01
1.003566895821652949e+01
2.431882802224952123e+00
4.759169133009399921e+00
8.900483771111263209e+00
1.202416343572033774e+01
3.141375817553545602e+01
3.621602695833664143e+01
4.681691987224949969e+01
9.243769451266102521e+01
1.029150321397311245e+02
1.196910621739744585e+02
1.174106255672338364e+02
1.081342549562647264e+02
0.000000000000000000e+00
0.000000000000000000e+00
0.000000000000000000e+00
0.000000000000000000e+00
0.000000000000000000e+00
5.222559600290658244e-01
3.150623948346384484e+00
8.342229706420182245e-01
2.867284697857267250e+00
4.460032482095316908e+01
5.089920629159313847e+01
4.005523253374121140e+01
5.531482963919425799e+01
5.042156489138545794e+01
7.877674049295964664e+01
8.545710234003617245e+01
9.618099151546934422e+01
8.313965091653822981e+01
9.606357555274287563e+01
0.000000000000000000e+00
0.000000000000000000e+00
0.000000000000000000e+00
0.000000000000000000e+00
3.411829134451654366e-01
5.229572324106532832e-01
4.751056641550788218e-01
2.831177600859909660e+00
1.228385639887677572e+00
1.549914831615427424e+00
2.297005274300069289e+01
1.048133136673915544e+01
4.777295000903043132e+01
4.189879173379119237e+01
5.913699278963446915e+01
6.443091763501733737e+01
5.928714484837615117e+01
7.731633353385960561e+01
7.063228566465890879e+01
5.499601482818338383e+01
0.000000000000000000e+00
0.000000000000000000e+00
0.000000000000000000e+00
0.000000000000000000e+00
0.000000000000000000e+00
0.000000000000000000e+00
0.000000000000000000e+00
4.847465374670046345e-01
5.501485673800116105e-01
2.068635148148899372e+00
8.281564136469170023e+01
2.599501937652091588e+00
7.878552284549266815e+00
5.508468819324032317e+00
4.948461842117923482e+01
4.720368702716690734e+01
7.306354962799176178e+01
4.045541534314935461e+01
4.006300091839641198e+01
4.755180643862639300e+01
4.830350531019865201e+01
0.000000000000000000e+00
0.000000000000000000e+00
0.000000000000000000e+00
0.000000000000000000e+00
0.000000000000000000e+00
0.000000000000000000e+00
4.422555392841767685e-01
5.232355928187412131e-01
1.003586149331084920e+00
1.157546058137923328e+00
4.911241038020672800e-01
4.671558644873447008e+01
2.241192913685289501e+00
2.188015626450157125e+00
3.030333718197569137e+00
3.292418720658183418e+01
2.299346071452662699e+01
3.332339611091384057e+01
4.448142180945922064e+01
2.791673827835399280e+01
2.788567820026646515e+01
2.656339445131041188e+01
6.197030908481939715e-01
6.599468350491067836e-01
6.922487608275318394e-01
7.148796868936715398e-01
9.026318561349029324e-01
1.108740462938532012e+00
9.424344540985042373e-01
1.259211144282549988e+00
1.364239893122391578e+00
1.380216826119976758e+00
7.118143373570868793e-01
1.329573970353588930e+00
1.942110164489222690e+00
2.089872428172945718e+00
3.200606010274827273e+00
8.793792501360692127e-01
1.269187573952891723e+00
2.221473987132756456e+00
2.582362604694952601e+00
3.282857292669218552e+00
4.284299639533307946e+00
1.262176114233565904e+00
1.994175706363184641e+00
2.374553322575100545e+00
3.011285581629557839e+00
3.411669079931502147e+00
5.117226180255004309e+00
6.045919220974579567e+00
5.045571127747829898e-01
1.606963488820666086e+00
2.316397632331364864e+00
2.927568202353905580e+00
4.971121775148998445e+00
6.143736060234155971e+00
8.577188440745118214e+00
9.944885349446945355e+00
6.578917784201020469e-01
2.092914086264513696e+00
3.552886282949570429e+00
4.129681944900035262e+00
5.429080461856949036e+00
7.641570467380361720e+00
9.078188720752176977e+00
1.309753706908553283e+01
1.553156955869843969e+01
1.574709892205388595e+00
2.841317594964885895e+00
5.675835844719130385e+00
4.112619987244207742e+00
6.451068746239555729e+00
9.396117966856449399e+00
1.086494525902158159e+01
1.684049275336123230e+01
2.133510977426607624e+01
2.376331704568352521e+01
7.204255600134373827e-01
1.688341006464997962e+00
2.257915441719168026e+00
7.221227742000920991e+00
5.969772648848390872e+00
1.110459724488079658e+01
1.514164149930287451e+01
1.909877973140524432e+01
2.509676810514339707e+01
3.291792539284997332e+01
4.108080322991820310e+01
1.814828772570268312e+00
2.139069842761567308e+00
1.972802061389211437e+00
7.666169962753902389e+00
7.567323440057028172e+00
8.362683683333903772e+00
1.645393409113018990e+01
1.867083359443657287e+01
3.010787686664311380e+01
3.946115937107449412e+01
4.703724385834036070e+01
6.468851313363131794e+01
2.489629671651064358e-01
3.192865080686738910e+00
4.273591415477822508e+00
7.286023811038008446e+00
1.064397918420456257e+01
1.193810104738398792e+01
1.242587055245743777e+01
2.248677705580841746e+01
3.032228673902307392e+01
4.215252780388110665e+01
5.653240192380512497e+01
7.447596362887337307e+01
8.647881550974270226e+01
5.628459997483656885e-01
5.843953649242332737e-01
3.838550857757446089e+00
2.598939493733244177e+00
7.847046081264661410e+00
1.284563206760535081e+01
1.801096487476779373e+01
2.812835429812048460e+01
3.467576214575440474e+01
4.655109353321335419e+01
5.992173703965604403e+01
7.794184563123214105e+01
1.000087838506617146e+02
1.106196060956343388e+02
0.000000000000000000e+00
2.025615654313806857e+00
7.023386375245452840e+00
1.315098282575829280e+00
7.576597083973001467e+00
9.047500413094752503e+00
1.330062045867316378e+01
1.665754294714059469e+01
3.446943659595307707e+01
4.430943030280978689e+01
7.063040202115404043e+01
8.910509157780570888e+01
1.028745665889442904e+02
1.233074513806015204e+02
1.419204313655227452e+02
0.000000000000000000e+00
1.081740233999071066e+01
7.071328685763299537e-01
1.171105870095878743e-01
1.626867265944770224e+01
7.076397290961667252e+00
6.768555055790724140e+00
1.839461020085207466e+01
2.884669584774880491e+01
5.097867383123266194e+01
6.604517965860212314e+01
7.354550587833283259e+01
1.057716380140072374e+02
1.179180175569586595e+02
1.429284681569479005e+02
1.499032726174004608e+02
0.000000000000000000e+00
4.187155137660185211e+00
1.733165218518512418e+01
4.764886190979096825e-01
2.842993151618119274e+00
5.768361418428473719e+00
8.340222694204219023e-02
2.894665379985133669e+01
2.253384352173796756e+01
5.466327733687993629e+01
5.049701427750578375e+01
7.338859166292901648e+01
9.417452446680249523e+01
1.134124836289076796e+02
1.388926703341929567e+02
1.542625010997560366e+02
1.522355045547800216e+02
0.000000000000000000e+00
0.000000000000000000e+00
1.525256643573915438e+00
2.417258182432212799e+00
2.235676317634093024e+00
1.269878372705767200e+00
1.121345902996132970e+01
1.540350286578700967e+01
2.560461529047956475e+01
4.347724897731644944e+01
3.560690024587987779e+01
5.321774488567302086e+01
8.038350918183145666e+01
9.158354996575309315e+01
1.103818076899780607e+02
1.243329791203827028e+02
1.300108704601469753e+02
1.338461903414488461e+02
0.000000000000000000e+00
1.067765221364718853e+00
0.000000000000000000e+00
1.073390187784179828e+00
7.949018325784342753e-01
1.838363782391653212e+00
1.247219138608437561e+01
1.869186233073533643e+01
1.231239043532664468e+01
2.970514063949148209e+01
4.228101023514942369e+01
3.462852579298080968e+01
5.892297534430402806e+01
8.633015909610153926e+01
9.264402107305492962e+01
9.342062766067269308e+01
1.107711480978383349e+02
9.401327286815751449e+01
7.724959462240620667e+01
0.000000000000000000e+00
0.000000000000000000e+00
0.000000000000000000e+00
0.000000000000000000e+00
0.000000000000000000e+00
6.589578552520053423e-01
4.060591977536754626e+01
4.985687807339346023e+00
3.183079673435699419e+00
3.346965352347177713e+01
1.048708395361652990e+01
3.983518210906738943e+01
4.151755228749286175e+01
3.988886214917100403e+01
8.231384530760375640e+01
5.307034493456664848e+01
5.491110745842949825e+01
9.999298469678041101e+01
6.792518806360699557e+01
5.679207413701261942e+01
0.000000000000000000e+00
0.000000000000000000e+00
1.000266019730935652e+00
0.000000000000000000e+00
0.000000000000000000e+00
5.420004520427756933e-01
2.212843978463188144e+00
4.489018340438884813e+00
3.541572202963847360e+01
1.518777780495696028e+01
4.701603387653954691e+00
3.849440442809934915e+00
1.820760190390022260e+01
9.899185560623593005e+00
4.491906563874798763e+01
3.286173407796448487e+01
5.416203340774338670e+01
6.018890397873155251e+01
5.289567304722055496e+01
4.837606361238329100e+01
4.319094673182279820e+01
0.000000000000000000e+00
0.000000000000000000e+00
0.000000000000000000e+00
0.000000000000000000e+00
3.039955858894917151e-01
6.613693945126494222e-01
6.635232702680906591e+00
2.457105258969414785e-01
4.105672006111402261e+00
1.093490770794873335e+01
1.585280191014084350e+00
8.112395649936633646e+00
2.272903477566223529e+01
5.254118154400897112e+01
1.043965518789386238e+01
2.739470327026182872e+01
5.453467748855858588e+01
3.372960165248169773e+01
3.764518125586131703e+01
4.006034457902830326e+01
3.242919932565033747e+01
1.912790619788479773e+01
6.764769049644895338e-01
6.694665661996040962e-01
1.176347398725228866e+00
7.613567098130205046e-01
8.187719914721084402e-01
8.904141585683101878e-01
6.586086287233020586e-01
1.410970591261922813e+00
1.544931155160342628e+00
1.818841922132786726e+00
8.017586735063240155e-01
1.312354286121583780e+00
2.054930427982462060e+00
2.121741053642405728e+00
3.460796220085178287e+00
1.554355488513949224e+00
1.757243765384204792e+00
2.142667602903126856e+00
2.513639959248968214e+00
3.268139682275177815e+00
4.121650588746841315e+00
1.248186866590589306e+00
1.491705730128022767e+00
2.878267582306815786e+00
2.948408963864722843e+00
4.074263718414327329e+00
5.192553625531385109e+00
6.291112944820700825e+00
1.574763248770179924e+00
2.411299487862194280e+00
2.211143950677951331e+00
4.217526734463652893e+00
4.089532115905649690e+00
7.265872875668962116e+00
9.389434326212668935e+00
1.129743366851214148e+01
1.432441133863286309e+00
1.804143513564733237e+00
3.228983217317709098e+00
4.985987363524904126e+00
5.703641077415459115e+00
7.740268108215885512e+00
9.827979495921887576e+00
1.325577863258426525e+01
1.811794831432834840e+01
1.250553187548022471e+00
1.891930943728458159e+00
2.671710389174345668e+00
3.857869268091780768e+00
6.007830412370761763e+00
7.919054950076899857e+00
1.429435912308602497e+01
1.685137868473413292e+01
2.250435963269288564e+01
2.684918884966481301e+01
8.204174621841721082e-01
2.953060726850233575e+00
2.485807115999667971e+00
3.454085665882989709e+00
6.793108688665776995e+00
9.002596998373238790e+00
1.875744884944512947e+01
1.939570731038897833e+01
2.526335900181248206e+01
3.158966476232534859e+01
4.569537955914717031e+01
1.199076927902239659e-01
3.807174492177335612e+00
3.883706872411182953e+00
6.296121335416281717e+00
6.558843013170331915e+00
1.108756021640964562e+01
1.626350677966412306e+01
2.516834871665344764e+01
3.427769680965441523e+01
4.638259817137088703e+01
5.180704180285732008e+01
7.068777831499608055e+01
6.815309246951910538e-01
2.122443151518527138e-02
2.284317709581711320e+00
5.369857045194390111e+00
8.135480686607252210e+00
1.518387181072809611e+01
2.397109203205100769e+01
2.278485124094423853e+01
3.178220920523280313e+01
5.191604115429825583e+01
6.509821161859345295e+01
7.778493380452273698e+01
8.497116368783997586e+01
0.000000000000000000e+00
1.258809021147609397e-01
3.082731037736012425e+00
7.717795080291913301e+00
6.810431731395542698e+00
1.708380303719843241e+01
1.179593172908929333e+01
2.713044529191467902e+01
3.107074487947950203e+01
4.833481075347114597e+01
6.175299792841225610e+01
8.646005487239170861e+01
1.077977711241034626e+02
1.257567938752755765e+02
0.000000000000000000e+00
9.925480062268221445e+03
1.383934804136039531e+01
1.241052840240300981e+01
8.173317177763644859e-01
9.817695157662102545e+00
1.280758566946286869e+01
2.264110795313269975e+01
3.450095128296067060e+01
4.740447181022015855e+01
6.408175608226392228e+01
9.324200234728021996e+01
1.058328165555454063e+02
1.306194207641150626e+02
1.448715880118127473e+02
1.695240865989752210e-01
2.149021336589673759e+00
8.993008682186333091e-01
4.043862416080342470e+00
2.597847911973428126e+00
1.628983585981960047e+01
1.674880934283979528e+01
3.193588431528263527e+01
2.483059462098417924e+01
4.174628521396125080e+01
4.500945304167376548e+01
9.059488528997985668e+01
1.096300369656023292e+02
1.391270063568540820e+02
1.433109275737392352e+02
1.675094752483999514e+02
0.000000000000000000e+00
0.000000000000000000e+00
6.759520569435169435e+00
2.564794068302433949e+00
1.307200867872825611e+01
1.431787821833656826e+00
1.318332665568235562e+01
1.918983674170008413e+01
1.588447052592193209e+01
5.131177260081152269e+01
7.080116350507833545e+01
8.815323223086063820e+01
8.997879658904791711e+01
1.299886607964865277e+02
1.400409865416761193e+02
1.606961604583875953e+02
1.541262108717487536e+02
0.000000000000000000e+00
0.000000000000000000e+00
0.000000000000000000e+00
5.933686888858378694e+00
2.826891149142925386e+00
1.794974541812938895e+01
4.575056971693611807e+00
3.459669403315952252e+01
1.520794383245662829e+01
3.257639687267900541e+01
6.457491429336720046e+01
9.615450161210918623e+01
7.408003878945953602e+01
9.794439606621280348e+01
1.117460810794267445e+02
1.317245810340351966e+02
1.468005195471070010e+02
1.444888046624340063e+02
0.000000000000000000e+00
0.000000000000000000e+00
1.118882790024364082e+00
1.302743293751780884e+00
1.345410786953594950e+00
1.065469069279096459e+00
8.276703463393133120e+00
1.561118529314708958e+01
1.852061335442365575e+01
2.716868536190506589e+01
2.570412479528861738e+01
3.853636339595848881e+01
4.340036791597354693e+01
7.791174805682682347e+01
1.314785884257536566e+02
1.062672320547150377e+02
1.030830108557695439e+02
1.139242761983166474e+02
9.714789293624188815e+01
0.000000000000000000e+00
0.000000000000000000e+00
0.000000000000000000e+00
0.000000000000000000e+00
4.586657057101394264e-01
9.894039410295364378e-01
2.499794951095097861e+00
1.147002350142342753e+00
2.046421514434209943e+00
5.455454199647951086e+00
7.347085135968820957e+00
4.171822295823363191e+01
4.420404648871693354e+01
6.166591524025652404e+01
6.344014997827205349e+01
6.996759152945793403e+01
8.593713787014974059e+01
9.324950753416921145e+01
1.006129009921134809e+02
6.298993499436344479e+01
0.000000000000000000e+00
0.000000000000000000e+00
0.000000000000000000e+00
0.000000000000000000e+00
4.963658247888405595e-01
5.282674920533985130e-01
1.226380530757863463e+00
8.446917480754893015e-01
2.013219861621739604e+00
3.538554172643931572e+00
1.484269432515456622e+01
1.132845842474330134e+01
3.399550936629977116e+01
5.393157665850017679e+01
2.616719407847667256e+01
5.312922128688499157e+01
4.874068483588378342e+01
7.528322791662915847e+01
6.632961082986305712e+01
4.649123647948026417e+01
4.664542784752365634e+01
0.000000000000000000e+00
0.000000000000000000e+00
0.000000000000000000e+00
0.000000000000000000e+00
4.343157533139124782e-01
0.000000000000000000e+00
0.000000000000000000e+00
1.716664602477356638e+00
5.743763327653924611e-01
1.389615221809311629e+00
2.239595024662941913e+00
1.227103138751040712e+00
2.547224429400973822e+00
1.407900438136064025e+01
4.875907623020385984e+01
3.525540604679690659e+01
7.514427820273027692e+01
2.870004337366484393e+01
4.929752397767061467e+01
4.044847191727058089e+01
3.519490575688226386e+01
2.036874431773897598e+01
6.320006719828558106e-01
7.119992002742042692e-01
7.007682596242029716e-01
1.081492625433511101e+00
1.063014571615320314e+00
1.475243749569195240e+00
8.377057966055188043e-01
1.297193105809371749e+00
1.826927656378308784e+00
1.879304911190825100e+00
1.173298877760261316e+00
1.125382663681098183e+00
1.864880976971610815e+00
2.672501534371601650e+00
3.483362591304499212e+00
1.342964787003513738e+00
1.679279225623367733e+00
2.008669602181784253e+00
2.961661830446588262e+00
4.211716570361640599e+00
4.762132555828710423e+00
1.470108577459931842e+00
2.291212659735862189e+00
2.613542259213155639e+00
3.212472733728694685e+00
4.531385824147881713e+00
5.417632050618101047e+00
8.084647227064147401e+00
9.806950699245614578e-01
2.297748654446917893e+00
3.780589717385551385e+00
4.512084843597525818e+00
5.566413948024676372e+00
6.381349093771159886e+00
8.695932662519799905e+00
1.103037060052131935e+01
2.044681160460655622e+00
1.203341008441006332e+00
1.796957149659768271e+00
5.803266926093350264e+00
5.436579157669444662e+00
7.977078935280977667e+00
1.174056270670575586e+01
1.562652628341017369e+01
1.820421258490130967e+01
9.720219383280706005e-01
2.285121354189772802e+00
3.418511445008515448e+00
6.716751317680015987e+00
9.337367334501550431e+00
9.985886532105517688e+00
1.323010736917338903e+01
2.061422204247190493e+01
2.265394329800124140e+01
3.156217548330526057e+01
8.784195875090110572e-01
3.417814836122273103e+00
2.694298479215732733e+00
6.037481145529485005e+00
8.415524460780629212e+00
8.951433062672808916e+00
1.511087456430129272e+01
2.014655423841720250e+01
2.688501050904360667e+01
3.585406794588503487e+01
4.358368699013765024e+01
1.088981377347623569e+00
3.586555677414199561e+00
4.716642959200296303e+00
4.763768905272772081e+00
9.429472547538285454e+00
1.402072534987659047e+01
1.553252903187896550e+01
2.226112714178986351e+01
3.253630843387570337e+01
4.205720270132299277e+01
5.926383643518803268e+01
6.689280200031122092e+01
6.886152888066558120e+00
3.815591373814226084e-01
1.841902196374428646e+00
4.442022493274667916e+00
4.444833993446320797e+00
1.102638052072946806e+01
2.082544550125785676e+01
2.466000624496536275e+01
3.410533389686322892e+01
4.988806936809329073e+01
6.596719710803618852e+01
7.922896270019151643e+01
9.923554193381015409e+01
1.656588998797874634e-01
3.015894908836363353e+00
1.656297669570843123e+00
7.968729112387029190e+00
1.210806235918049367e+01
1.158472012215222513e+01
1.390507467721759483e+01
2.750944323735420483e+01
4.208048558977714038e+01
5.278062389774150631e+01
7.415044322057416082e+01
8.805015363750926838e+01
1.099528500468388046e+02
1.259712031449718665e+02
0.000000000000000000e+00
1.892799939668310572e+01
1.975639308128125826e+00
2.576151640188340863e+00
6.514550411436962563e+00
1.261987911635588056e+01
1.982720781111128616e+01
2.139014985661644630e+01
3.764826152226438438e+01
5.497244642327486019e+01
7.154269701659335112e+01
9.463938464057018507e+01
1.218305546608767003e+02
1.285204432768474589e+02
1.581709882222778276e+02
0.000000000000000000e+00
2.769065650345495566e+00
2.885144951993910745e+00
1.152475683149456209e+01
3.434526639632264899e+00
6.018499018609228202e+00
1.043760390336241706e+01
3.139666404480951201e+01
3.882698222891454520e+01
4.964877352154078238e+01
9.822438178252747321e+01
9.557919253344779520e+01
1.107926380610076507e+02
1.490747784301818797e+02
1.666309795482816867e+02
1.803011538885789093e+02
0.000000000000000000e+00
1.011632366437760222e+00
2.667033260002008799e+00
1.927714608740170643e+00
2.298473097011428479e+01
3.440216831680170451e+00
4.179692539432726228e+00
2.841325761621843426e+01
3.169064202423448506e+01
4.780860090494948622e+01
6.603159327578110549e+01
9.389591848273794028e+01
1.060102354975166463e+02
1.522644799125884845e+02
1.621536178065191791e+02
1.688692249471007472e+02
1.626712060918628424e+02
6.100791263437303158e+00
1.147644963451303068e+00
0.000000000000000000e+00
0.000000000000000000e+00
3.277154111788732394e+00
8.540136380328082755e-01
1.974461602947730299e+01
2.185119222651610826e+01
3.864101323283765055e+01
4.280201119004490096e+01
3.256982078720258045e+01
6.149039912520824203e+01
7.354486709281755452e+01
1.020812087548448233e+02
1.252964205847557935e+02
1.475007625047023794e+02
1.618845744279926748e+02
1.361476934094839351e+02
0.000000000000000000e+00
0.000000000000000000e+00
0.000000000000000000e+00
1.451545455445509392e+00
8.623818357625073761e-01
7.394838992520734733e-01
9.253599585831624452e+00
1.012776242605654886e+01
7.270829998799800187e+00
3.308762201399955671e+01
1.800773323207408794e+01
3.276870682742616481e+01
5.358412717847668461e+01
7.889512293708405366e+01
8.933248021195015554e+01
1.195067358820324728e+02
1.071685493298644474e+02
1.138199222605753533e+02
1.269752907915553664e+02
0.000000000000000000e+00
0.000000000000000000e+00
0.000000000000000000e+00
0.000000000000000000e+00
6.963765816846062551e-01
1.002422079037367908e+00
1.260076571949324453e+01
5.521666872399522141e+00
2.087743478722834567e+01
1.006771352909712114e+01
5.129665817605825140e+01
2.402883344546190258e+01
3.772266757566739415e+01
5.410196934339597874e+01
8.047339172421283138e+01
1.131374945672970824e+02
9.314652680417792396e+01
1.057301173928115503e+02
9.166250413052306101e+01
7.714879641594853865e+01
0.000000000000000000e+00
0.000000000000000000e+00
0.000000000000000000e+00
1.108799746742738179e+00
8.235599908344254372e-01
3.045210884285937114e-01
0.000000000000000000e+00
1.276327123507266403e+00
1.864786809771131093e+00
7.666514622111766819e+00
1.314742807312480011e+01
2.822471096089340747e+01
3.226669007668402145e+01
2.650150413343486733e+01
4.787565913560506914e+01
4.901261939596700756e+01
7.125684198376718825e+01
6.225363904962706130e+01
5.684827427506704112e+01
6.832913405575091303e+01
5.007223776350097921e+01
0.000000000000000000e+00
0.000000000000000000e+00
0.000000000000000000e+00
0.000000000000000000e+00
2.430727193186345003e-01
5.570143645612085637e-01
5.803663338947389061e-01
1.100327635923346703e+00
7.812618013019022589e-01
8.714900435718677230e+00
2.715449237719734121e+00
4.822857540959706313e+00
2.908230581455341746e+00
1.161553879574419845e+01
4.422976468899969404e+01
1.582813319722290046e+01
4.806188082895693015e+01
4.530070149048604833e+01
5.699866084286979628e+01
2.922578576293879493e+01
4.586590946085699727e+01
2.627435404187191637e+01
5.746582979935932478e-01
7.270270684449752219e-01
8.212939363700663131e-01
9.210202758308040361e-01
1.038971690739372455e+00
1.233431691189033064e+00
7.934275571367658264e-01
1.300523645848251197e+00
1.667367349911231811e+00
2.517661945922721412e+00
9.950167465768797737e-01
1.522596347871451039e+00
1.801541039697953428e+00
2.516874907548015461e+00
2.774539328313109454e+00
1.655511018041740057e+00
1.136602487078377521e+00
2.414559351747648464e+00
2.924211754621717230e+00
4.082918340448369321e+00
5.436001677457626080e+00
1.772071170207158097e+00
2.514760787863564051e+00
2.732034398736837844e+00
3.684533701103376302e+00
4.666294575461430227e+00
5.604613024078742178e+00
7.146661219603346105e+00
1.395539819391805825e+00
1.590463280643619859e+00
2.964396215597393525e+00
4.638435729595811630e+00
5.296265048952752075e+00
7.346176811715915633e+00
9.359923380308662999e+00
1.325262355607725517e+01
1.404015787276665872e+00
2.853231580036532655e+00
2.136663074452379352e+00
5.320100032128189049e+00
5.953928680399243056e+00
8.216103333254320518e+00
1.287989817581209095e+01
1.613836053819215621e+01
1.976228366658991220e+01
1.235740562032783263e+00
2.611926742095176390e+00
5.148725834356572939e+00
5.229904721786354571e+00
9.137770721665045670e+00
1.075191501920697057e+01
1.356260331751337667e+01
1.915186752951245808e+01
2.434604351280715306e+01
3.242473690942095033e+01
6.799153328547496988e-01
3.270073063759339593e+00
4.416900994164736360e+00
6.151118652240020523e+00
8.397186449631417915e+00
1.026403753678096642e+01
1.602978626696181408e+01
2.114960016366651985e+01
3.133283127671813872e+01
4.021876935587518176e+01
5.185670632248520917e+01
9.443767660388789897e-01
4.172115442240302841e+00
5.326719968028404750e+00
8.415664484096176068e+00
9.387449095514719843e+00
1.349615139951604625e+01
1.761043663326196551e+01
2.698137111992060611e+01
3.568805361777875618e+01
4.571681257537025544e+01
5.731493885225486906e+01
6.779214916719710970e+01
3.540272501615662759e-01
1.347732379555302895e+00
6.997090476814021187e+00
7.100527753031414591e+00
7.645077670204307729e+00
1.637707483902084959e+01
1.983855153332290655e+01
2.539768507746704529e+01
3.824739926660221556e+01
4.478918026109970185e+01
6.958710194782679537e+01
8.942611950611943428e+01
1.024342062125620885e+02
2.312098690630437769e-01
5.930850578303623610e-01
4.704234449957430009e+00
7.310999340923307166e+00
6.107028700630694473e+00
1.346322824198857404e+01
1.764477082521119655e+01
2.134922457333005852e+01
4.232978601571777233e+01
5.157177624341351674e+01
6.819713358442820095e+01
1.010839838767657852e+02
1.163311253092510924e+02
1.368151418472089347e+02
0.000000000000000000e+00
4.419656341440628133e-01
3.598809480807943828e+00
4.070073000236445360e+00
4.757609377696542019e+00
7.510287480740005073e+00
2.199980530352569730e+01
2.760471262101066259e+01
5.496970715280470898e+01
5.748253666774037640e+01
7.625587027741589452e+01
9.875271966876128715e+01
1.316029382968718267e+02
1.418958635092956229e+02
1.684282962280346396e+02
1.091157743689924908e+00
5.812355224007198506e-01
5.601952984607102559e-01
2.109895885381751324e+00
2.847636481682112031e+00
3.038659325192079930e+00
2.452726141621442935e+01
2.014528738069591540e+01
4.165993262673851660e+01
5.982529299630726882e+01
8.026696128203548142e+01
1.003323989617634169e+02
1.145839624491142246e+02
1.458670558881596548e+02
1.668074831277073997e+02
1.791916996686325945e+02
0.000000000000000000e+00
2.648673608647976074e+00
1.638182461129731982e+00
1.734620355195034103e+00
5.718895967658551571e-01
3.710849559631351102e+00
3.243381206430441477e+00
2.354617196280885949e+01
4.130057919112258702e+01
3.588435146043735813e+01
6.149084897088023638e+01
9.280548182552129788e+01
1.122823452779158799e+02
1.524487845797999626e+02
1.628994678257082285e+02
1.972405659513691205e+02
1.793371644568931060e+02
4.673509803185907252e+00
0.000000000000000000e+00
5.376777303126631047e+00
3.307685040964705792e+01
1.596546732667105140e+01
4.358111729939174062e+00
1.014769613575864859e+01
2.021560430162489297e+01
2.705258888631446723e+01
2.454396761718166431e+01
4.153437792537193474e+01
6.439643239853747048e+01
8.088305914031285226e+01
1.306932799842664394e+02
1.369346278957883385e+02
1.555506697029706231e+02
1.650920553652940725e+02
1.567417266196472099e+02
0.000000000000000000e+00
0.000000000000000000e+00
0.000000000000000000e+00
2.301860208345251735e+00
9.951707482177580388e+00
6.333102141502714444e-01
5.234808540902220919e+00
6.574352071679881782e+00
8.474940610215430326e+00
2.685153537575008897e+01
5.386793473285681699e+01
4.726657095010625653e+01
8.185763311908132778e+01
1.000120902934424407e+02
7.923092889673368688e+01
1.260375290598428677e+02
1.308928980437356131e+02
1.329105939884802581e+02
1.168366910708215585e+02
0.000000000000000000e+00
0.000000000000000000e+00
0.000000000000000000e+00
5.999153893404027826e+00
3.279519701265393161e-01
1.330351478623716943e+00
1.509526426309671487e+00
3.133046814888938769e+00
1.383727533349244077e+01
1.946234537976362589e+01
1.293897672570271062e+01
1.784028286457322920e+01
3.260328478959355181e+01
4.648668025794452774e+01
8.355764321984125331e+01
9.421374691951626801e+01
1.123139484481644246e+02
1.026209683479945340e+02
1.082470472596447593e+02
7.596252484299361640e+01
0.000000000000000000e+00
0.000000000000000000e+00
0.000000000000000000e+00
0.000000000000000000e+00
2.627054625087671957e-01
0.000000000000000000e+00
3.279216331118237071e-01
3.987649623516787423e-01
8.492943458934037793e+00
2.424246314343109443e+00
1.556297526970373113e+01
2.429766595553870090e+01
1.727818641667348842e+01
3.834854016122678644e+01
5.904997399177644724e+01
5.144764322202357931e+01
7.067288805934893503e+01
6.845671105508863263e+01
6.844004197629202224e+01
6.617494659839844928e+01
3.999732848151784026e+01
0.000000000000000000e+00
0.000000000000000000e+00
0.000000000000000000e+00
0.000000000000000000e+00
1.532226161671563780e-01
4.252880467871945624e-01
3.443698095947786975e-01
0.000000000000000000e+00
1.405149328882463067e+01
2.692048549234674226e+01
2.642713370584742094e+00
3.925502913783136982e+00
5.245711438091247913e+01
1.764575481206600784e+02
3.574050624698885770e+01
9.273174474256536826e+01
3.784456073273802446e+01
3.982785522418126334e+01
6.202557159029686318e+01
4.383073563526977523e+01
3.550799535679720975e+01
1.933901751735871599e+01
4.887357288358338825e-01
6.425440171248061327e-01
8.048402072592163448e-01
7.133734321565395886e-01
1.167962496856544075e+00
1.402260126968216447e+00
1.118399550654466390e+00
1.152440765423146996e+00
1.455873088414937344e+00
1.997523586504853954e+00
1.216370789800795604e+00
1.520226120651988255e+00
1.774243374577582300e+00
2.087577018020567277e+00
3.385994303589996868e+00
1.295182993900732438e+00
1.401698012251694214e+00
2.333313817126447365e+00
3.645700450395868319e+00
3.364051813802323210e+00
5.763794778371853056e+00
1.498613977759066351e+00
1.941793978316866953e+00
2.064956702286310897e+00
3.163149882637165344e+00
5.055043592440966016e+00
6.234400276353421866e+00
8.053992024776489345e+00
1.985815550062071111e+00
1.792205764596738415e+00
4.019629420290965705e+00
4.659004103662245377e+00
6.555306096997523646e+00
7.704446802880619671e+00
8.601084106316411848e+00
1.353889719636721090e+01
1.899877347971481445e+00
2.779613485542125506e+00
2.737652693232632828e+00
6.141024385420484677e+00
6.230179639080732912e+00
7.709284095905986511e+00
1.317231047093348906e+01
1.751444329961681134e+01
2.033251799787977987e+01
3.197561178560513806e+00
1.554309994692048447e+00
3.381135856001910245e+00
4.966367697032202599e+00
6.645786986515108019e+00
9.967849777226014396e+00
1.476827484250815203e+01
2.057332761143496214e+01
2.647246167697612051e+01
3.118701034944981743e+01
2.180673957159495191e-01
1.997303901727562447e+00
5.794677649928504870e+00
4.311515358388300356e+00
9.287612391635583720e+00
1.065177173490020124e+01
1.823380553911096058e+01
2.312542971138899617e+01
2.881722769083738100e+01
4.066089495223736350e+01
5.363744658609931548e+01
1.075810614409651533e+00
3.347230207013448755e+00
5.402041407564790454e+00
7.142872993187625141e+00
1.278262121578838517e+01
1.214384410866425412e+01
1.495960394932538584e+01
2.718854201862685116e+01
3.552244129585903920e+01
4.803104813069040802e+01
5.841546930159559281e+01
7.562302991509599792e+01
3.988046130382552068e+00
1.540228957505351826e+00
8.199518211097789333e-01
4.549097304257790242e+00
9.702140382052304446e+00
1.445358238743233592e+01
1.968717318809223826e+01
3.073046860661073154e+01
4.018671397801337264e+01
5.009350996425249036e+01
7.224465367248080838e+01
8.739085704440358882e+01
1.097108253607242006e+02
2.462938926801429285e-01
1.068082328307752071e+01
6.280847097291336389e+00
7.790141054823743083e+00
1.201849012391459404e+01
1.723005605254716954e+01
1.950931386461638084e+01
2.724326727570111828e+01
4.341544563935398315e+01
5.542076919929075274e+01
8.326639535590180685e+01
9.631667193169546692e+01
1.213336594642678250e+02
1.364696989653991750e+02
1.153214092435151272e+00
3.436621645729690311e+00
1.500922405241289947e+00
2.336247352515334885e+00
9.091660217965815249e+00
2.430565885961610206e+01
2.216344714217002121e+01
3.302652731197603941e+01
4.654579743917964407e+01
5.292818929604352007e+01
7.447053276141562606e+01
1.088989220970669436e+02
1.279755333824750636e+02
1.537972309634128578e+02
1.756713008090299581e+02
1.135930978518826517e+00
6.281504089726555051e-01
3.092907433401053674e-01
2.260555693538694122e+00
1.339398192548844868e+01
1.225780164209869660e+01
1.797248469274906313e+01
2.785085462032452952e+01
5.420965342846017876e+01
5.648305928591732794e+01
7.572084010385832187e+01
1.048042525605524986e+02
1.324543755020270908e+02
1.569750709958021275e+02
1.752790354601928584e+02
1.919649447340833035e+02
0.000000000000000000e+00
1.273303676367351756e+01
2.722835032975559066e+00
1.435710127772980549e+01
1.239471885084540936e+01
1.236476546916469310e+01
1.443102958571457251e+01
1.244172939580639436e+01
5.070329327116113660e+01
6.259447076992349679e+01
6.239811103870457742e+01
8.972118323407249818e+01
1.098899615675796326e+02
1.391836819827433374e+02
1.674340106170768365e+02
1.975636634550846793e+02
1.819891992987285789e+02
0.000000000000000000e+00
2.296848682777250517e+00
9.397352221435173902e+00
5.354886372086194513e+01
7.888057396328134185e-01
1.692030398719684570e+01
6.885647923440126306e+01
2.313227590144235890e+01
3.160667137917731750e+01
2.308710098088571172e+01
4.249298984633509946e+01
6.262045722566202954e+01
9.765057746662004945e+01
1.085314773917208839e+02
1.425487427919682659e+02
1.718323583837453157e+02
1.733683190245476169e+02
1.660017014458238407e+02
0.000000000000000000e+00
3.692703673673624820e+01
1.937915438312256322e+00
0.000000000000000000e+00
4.376530839162766640e-01
1.764983735680783372e+00
9.426471929843295072e+00
4.541944779895483286e+00
3.026330274460066150e+01
2.314620827955583948e+01
3.040588385703465235e+01
6.415824993122517128e+01
6.483907401937523218e+01
1.030593501747404019e+02
1.386480627660521066e+02
1.564558018669992521e+02
1.539320299671401528e+02
1.493455704983238661e+02
1.163451948183139422e+02
0.000000000000000000e+00
0.000000000000000000e+00
0.000000000000000000e+00
9.126332998560693355e+00
0.000000000000000000e+00
1.093471932370183364e+00
1.321968089010864267e+00
1.553262199610857941e+01
1.104109289809620265e+01
1.536936220878481762e+01
4.202565954187867447e+01
3.092068401330810090e+01
3.850397143769971819e+01
7.964916890517700665e+01
8.340113527913293012e+01
9.426435567157022888e+01
1.129069272532965016e+02
9.939525580399575233e+01
8.976546346508129659e+01
7.996269760189208853e+01
0.000000000000000000e+00
1.000589518478698370e+00
0.000000000000000000e+00
0.000000000000000000e+00
5.718015822035737994e-01
1.207450039625489691e+00
8.500728249229395317e+01
2.115397507027032109e+00
1.510079555291539499e+01
6.143909497496157890e+00
3.518960563496493421e+01
5.090398176845506129e+01
2.067901346565952281e+01
3.899032601513956564e+01
7.332918355572451219e+01
5.131402155627016271e+01
7.514249882905239986e+01
8.792191607227128713e+01
6.270978744377659098e+01
6.011453728893970805e+01
4.830608977499938561e+01
0.000000000000000000e+00
0.000000000000000000e+00
0.000000000000000000e+00
0.000000000000000000e+00
0.000000000000000000e+00
0.000000000000000000e+00
0.000000000000000000e+00
0.000000000000000000e+00
0.000000000000000000e+00
1.424176775146988483e+00
3.232873320529813910e+00
5.451415283177062143e+00
2.231711125661512796e+01
2.726395827553723805e+01
1.386513621778566119e+02
3.753460410206248099e+01
2.457662525466552950e+01
3.782846370594497643e+01
5.219174925279435939e+01
3.717076815781301491e+01
3.445816564180093877e+01
2.778875718641881676e+01
4.802659182703495899e-01
6.732982852949684904e-01
8.311584408772547672e-01
8.999337022566629152e-01
1.298698969221210087e+00
9.878958318462298660e-01
1.078399145532660253e+00
8.805433629567807063e-01
1.431348281759712071e+00
2.226087784534200420e+00
7.804453975982552638e-01
1.610994555563016073e+00
1.718636049657007669e+00
2.464901053580835999e+00
2.972331142616889910e+00
1.848263031295152237e+00
1.964598777301544752e+00
2.330442817823389134e+00
3.445705147506552546e+00
3.616582965485903856e+00
5.071223941925180334e+00
4.677697248780509076e-01
1.154009861660997727e+00
2.547862199609299605e+00
4.182248000278458555e+00
4.008246069727943173e+00
6.222858188320086192e+00
8.103138011223650850e+00
1.211824682349377236e+00
2.638393457884428361e+00
3.367043074058650554e+00
4.594879158080109605e+00
5.677205935251796731e+00
7.120337952848164065e+00
1.031886183449740457e+01
1.406550266421200313e+01
1.098535321082403593e+00
4.101819998741651929e+00
3.200525886695840594e+00
4.385201602481538785e+00
6.184693765190653281e+00
8.320061008420282178e+00
1.114940147430118600e+01
1.647370994949229583e+01
2.112695750605756118e+01
1.526758617616613467e+00
3.390404075183949040e+00
5.246690548152892930e+00
5.480383020558154961e+00
5.779269159242039322e+00
1.154962514115314676e+01
1.484790967707061071e+01
2.150999306420649404e+01
2.612337699080602960e+01
3.420251404438341325e+01
2.788972752938230659e+00
2.529907305418399144e+00
1.792470489063382022e+00
8.253492999204203429e+00
1.175779967125224168e+01
1.306441265631057291e+01
1.957662993381083183e+01
2.643834172638885605e+01
3.112306511960111877e+01
4.244159545767891473e+01
5.190040437451073529e+01
5.094841428870088285e-01
4.717637821084149641e-01
8.775692116645755547e+00
9.286901139844220054e+00
1.071375407701632732e+01
1.256374058778956915e+01
2.232702299994701178e+01
2.721513874911031294e+01
3.709244197844463287e+01
5.323253333561620337e+01
6.885743027456169330e+01
7.930875785923264232e+01
3.401251637896915092e+00
1.525437450250406224e+00
9.029494655556804972e+00
3.573138065356585180e+00
9.010245467612060466e+00
1.749784285468469491e+01
2.026113914404400163e+01
2.982420670478372315e+01
4.036686229348299548e+01
5.784799494121734398e+01
7.530030600065308022e+01
9.295589279741530220e+01
1.189745858633366851e+02
2.205535761056675170e+01
1.217642282241309520e-01
2.688952009029005996e+00
1.523499441666056109e+00
1.329358518775834241e+01
1.585577921697485948e+01
2.073849890997999523e+01
2.386865517904869449e+01
5.517981858237087778e+01
6.007402070006762784e+01
8.596006077360779329e+01
1.022265915407521959e+02
1.309516670589543992e+02
1.590185264967701642e+02
1.378048004366172696e+00
4.960531074526691730e-01
7.703469147287442809e-01
1.159756475163155010e+01
3.997878486895775296e+00
2.085427364522002947e+01
2.501979182739315988e+01
2.502108697891237554e+01
3.582452304918444952e+01
5.753333442456261793e+01
9.314019934205488482e+01
1.234813092067749807e+02
1.394186161138857756e+02
1.610024104092941855e+02
1.922142997962500317e+02
3.599820269909996817e-01
4.328006628839339953e+00
4.065277689825733631e+01
1.512703168009886134e+01
3.378786378503091825e+00
2.164074058215709684e+01
2.490915348576255894e+01
4.040906622190633612e+01
4.295778327893290083e+01
4.942228119465345770e+01
1.053204071037524443e+02
1.023723550658118313e+02
1.522887699570527218e+02
1.736277416729698189e+02
1.748668833879051476e+02
1.886985481610232966e+02
2.228364461471412650e+00
0.000000000000000000e+00
0.000000000000000000e+00
3.235694357520505093e+01
2.135529334309275717e-01
3.443398229333996596e+01
1.932766132941616277e+01
3.942617443534111032e+01
2.930404641606151017e+01
6.264165287015037364e+01
7.884798720985943987e+01
1.146086017179922720e+02
1.397559575335118893e+02
1.618930951604771167e+02
1.888351558950464835e+02
1.990281231572756440e+02
2.081682203459245386e+02
0.000000000000000000e+00
2.259768425101900124e+00
8.274422356554259395e+00
6.906188180667906806e+01
4.932007528226438176e+00
1.312921425377425244e+01
5.964414727949834827e+01
1.219005819449207806e+01
3.134133044773045995e+01
3.200770324692800273e+01
7.240734752943316721e+01
9.750463081451069058e+01
9.935650028791209820e+01
1.394250556478454541e+02
1.383133746184884671e+02
1.793406048896104892e+02
1.849065894217131358e+02
1.655515732636143582e+02
1.437471370820152305e+00
0.000000000000000000e+00
1.758522264797536705e+00
0.000000000000000000e+00
1.475240194625537882e+01
3.133148291305140276e+00
7.497620320369219371e+01
5.028449435918000532e+00
1.340716708687236469e+01
3.565685052757567064e+01
7.466601491418563796e+01
8.099911617503464356e+01
7.869881595328860158e+01
1.010451942821325559e+02
1.205465084775645721e+02
1.423998481053466207e+02
1.543589237459090668e+02
1.389012509840310088e+02
1.102719921006777923e+02
0.000000000000000000e+00
0.000000000000000000e+00
0.000000000000000000e+00
0.000000000000000000e+00
2.495345053895559051e+00
1.823824044056297833e+00
3.830005068781189959e+00
1.715212774814686369e+01
8.525787657182782198e+00
1.528124755690946657e+01
2.950952255474838637e+01
6.788167040627585891e+01
5.647198991176953342e+01
7.678186185822167431e+01
9.465755802866905810e+01
1.006677865137902046e+02
1.467516800630080525e+02
1.213437693357703324e+02
1.067406814972380573e+02
6.509927512033416974e+01
0.000000000000000000e+00
0.000000000000000000e+00
0.000000000000000000e+00
0.000000000000000000e+00
0.000000000000000000e+00
1.997776632056690760e+00
1.639110374898882894e+00
1.009220287600179411e+01
2.372361146775582075e+00
1.388160934761557108e+00
9.674453521817337531e+00
2.235079303062739342e+01
4.961533457175252693e+01
5.299946717433655152e+01
6.159961593013881753e+01
7.575387133599706146e+01
5.705312830444453454e+01
6.517298627014073986e+01
7.051595612048680550e+01
6.078936440051754175e+01
5.354247639973964112e+01
0.000000000000000000e+00
0.000000000000000000e+00
0.000000000000000000e+00
0.000000000000000000e+00
0.000000000000000000e+00
7.622907756301245952e-01
2.129268813033230856e+01
1.751491246413951153e+00
1.033255553033163210e+01
1.933765487364459190e+00
5.182513245046176387e+00
2.327969374120436541e+01
2.033187562104736301e+01
3.830220232084229792e+01
1.185720042545200670e+02
5.559361515141900156e+01
9.599038767668487537e+01
5.063803196748874313e+01
5.951425330168233785e+01
6.118933325366104725e+01
2.876252775862627331e+01
2.766216246718871830e+01
6.238655051714581123e-01
8.305029584209409066e-01
7.449936348098373795e-01
5.889331645658129055e-01
1.116291676160692692e+00
1.306010433615153232e+00
6.734790088361097826e-01
1.554824086351119794e+00
1.693718793394221711e+00
2.094284488274791745e+00
1.109159279673112897e+00
1.723859955481075179e+00
1.632579107304376720e+00
2.938847240988580634e+00
3.791003483138750241e+00
1.926468695687167276e+00
2.844756099073466604e+00
2.589372943910098979e+00
3.458551047086052321e+00
4.388526596191485218e+00
4.883358032641947233e+00
1.496492823095885383e+00
1.834456850045420140e+00
3.928972170004323861e+00
4.124699767979650211e+00
4.899151431847604599e+00
6.825248310725481105e+00
8.478643811413537179e+00
1.005993770590413172e+00
2.921566516882397657e+00
2.660171148172690625e+00
5.225427073837580316e+00
5.848552240369872202e+00
8.749503048990328935e+00
1.190364314434204474e+01
1.473577266838919009e+01
1.504380233647921505e+00
3.237568699630853697e+00
1.680542320238232357e+00
3.358705868471605349e+00
5.639947043605100241e+00
1.228637701232189627e+01
1.347048932689821221e+01
1.695143167538837048e+01
2.157708205645648647e+01
1.174564988026480350e+00
5.589832195924529401e+00
4.046850234660229084e+00
5.722881272278441678e+00
8.851595939453108741e+00
8.227795177418794736e+00
1.386384320650046575e+01
2.278708785475289389e+01
3.138685945066200489e+01
3.721064984677982324e+01
5.705301947852199795e+00
5.202681073356442809e+00
5.692621605961757147e+00
5.026136874430433110e+00
6.597531573792934978e+00
1.170665321839758732e+01
1.527860735575399609e+01
2.588273848996231052e+01
3.369134234075462331e+01
4.449064870572419750e+01
5.393462301669013215e+01
5.429509133948541511e+00
6.996844261957217981e-01
5.542936834590905804e+00
6.456178669109786661e+00
1.330574610568408644e+01
1.587850390416179991e+01
2.061475681853376329e+01
3.058191302041549164e+01
3.728801745454062200e+01
6.115716260269699234e+01
6.718727496089250906e+01
8.208863188708386360e+01
9.952318681168871306e-01
1.881774127079417769e-01
2.663869222225907496e+00
3.740860982687527425e+00
1.271291277111045126e+01
1.330135785906695567e+01
2.369471083133744926e+01
3.092422570065586385e+01
4.462523984640089481e+01
6.191583962423243293e+01
7.936873008977046595e+01
9.774147588165527623e+01
1.167989691233620988e+02
1.230545791566070024e+00
6.718306608113014944e-01
1.806608110441396464e+00
7.932856645201634471e+00
4.869342018161506580e+00
1.736139755704578391e+01
2.037602984327462607e+01
3.198889022030358831e+01
4.049425708866444751e+01
6.380076853273724424e+01
8.382784285078194841e+01
1.153347967864434338e+02
1.534448350911023056e+02
1.735344672999728743e+02
0.000000000000000000e+00
1.077823265971070699e+00
7.010337581780883287e-01
1.879616450098074099e+00
5.276302745505418557e+00
2.868247935918843083e+01
2.596905044667144580e+01
3.986928619648983130e+01
4.989526076319634740e+01
7.268638150072862913e+01
1.141447221184293568e+02
1.269085368064509112e+02
1.551283305331092492e+02
1.744633125836314207e+02
2.022398873180348744e+02
2.818777648953234016e-01
9.414212548196813302e+00
0.000000000000000000e+00
2.031210192668773828e+01
1.122316847331969392e+01
1.389395503995628012e+01
5.350912523649418517e+01
2.972452411900176727e+01
6.363199098370210294e+01
6.210382896053019408e+01
8.580043877322211188e+01
1.304863374104381819e+02
1.310233929769628105e+02
1.674206255884751045e+02
2.170760070584366304e+02
2.034391549441413929e+02
0.000000000000000000e+00
1.007246667061737000e+01
1.273826133713715691e+01
2.672932828651466508e+01
2.305059220958418642e+00
1.224243666386732876e+01
1.274963907158788601e+01
2.959879525556189606e+01
3.016910239845846675e+01
6.072932025104393006e+01
9.554721585251195393e+01
1.186005265410451699e+02
1.271752623512163041e+02
1.795588560858193148e+02
1.946786169295404534e+02
2.316290254792125154e+02
2.060570707814776199e+02
0.000000000000000000e+00
0.000000000000000000e+00
4.527808231114750726e+00
2.324733068789590362e+01
2.046961241281465949e+00
4.615859823674782092e+01
9.776298477884738602e+00
3.260405469990077165e+01
3.179225214006264011e+01
4.220113594127526113e+01
6.066899639347055029e+01
7.229779785372305412e+01
1.107938681310933049e+02
1.385299592021410717e+02
1.748368505566687929e+02
1.794796337053291495e+02
2.274593328059133910e+02
1.721707721422208976e+02
0.000000000000000000e+00
5.244610887440530611e+00
0.000000000000000000e+00
1.740571201924567379e+00
3.202528251226838485e+00
2.595044650400022856e+00
6.848453168997327367e+00
1.114742620702130260e+01
3.235383169087690192e+01
3.106306651578186973e+01
6.797779903791862921e+01
6.456159713793107358e+01
6.453245266368602984e+01
1.132305107180501267e+02
1.088229568946294989e+02
1.525082618695375345e+02
1.883168758429345360e+02
1.455869330161408470e+02
1.480176445371982652e+02
0.000000000000000000e+00
0.000000000000000000e+00
0.000000000000000000e+00
0.000000000000000000e+00
1.870323602371795291e+00
3.831750177642105903e+00
1.109816705925888769e+00
4.267227791060742348e+00
5.380188015058521955e+00
8.582592844323809800e+01
2.461105381708382467e+01
4.112018576177133866e+01
6.758592096853529085e+01
9.541532495697146032e+01
1.086149331907738684e+02
1.004592567340603466e+02
1.463606377455311645e+02
1.436449741898976526e+02
1.262536365802620821e+02
8.569211541555998224e+01
0.000000000000000000e+00
0.000000000000000000e+00
0.000000000000000000e+00
0.000000000000000000e+00
1.962480672366252463e+02
7.619286762966120952e-01
6.714688722443471924e+00
3.594907240710112362e+00
9.681666048462380658e-01
1.985173595000427582e+01
7.301383954821583977e+00
2.828481684517563366e+01
3.742045044859830227e+01
7.909020103450687600e+01
6.334289469215765678e+01
1.251777312155101214e+02
8.175094523334520602e+01
9.599514414603770263e+01
9.315587865216819807e+01
8.302033396960142397e+01
7.407221226799543956e+01
0.000000000000000000e+00
0.000000000000000000e+00
0.000000000000000000e+00
0.000000000000000000e+00
0.000000000000000000e+00
0.000000000000000000e+00
8.036141003337755606e-01
0.000000000000000000e+00
3.354877640551681139e+00
2.558495944852933857e+00
6.720912375217258372e+00
6.745081533908074967e+00
5.166562884273061940e+01
3.601165503131011292e+01
7.311541813178581606e+01
8.360709027635533630e+01
4.905426480380277354e+01
4.685947785772144414e+01
4.818724058875196192e+01
3.750797250193694765e+01
2.655050550639086993e+01
3.248905930548976073e+01
6.612627393131247366e-01
7.561149740288235499e-01
1.086898854790685931e+00
8.171540794349517745e-01
1.012183111170664063e+00
1.426022975562652340e+00
1.089063663865222908e+00
1.207082494447744514e+00
1.903773869615669634e+00
1.953856977612325574e+00
1.238500595917352287e+00
1.623807410021666398e+00
2.052857994195075086e+00
2.667857373611243421e+00
3.444471798343531788e+00
1.631149347073654665e+00
1.627135245902938676e+00
2.554557327321997917e+00
3.565672980996188013e+00
4.525138699354172900e+00
5.941391858753942046e+00
2.771355724334250148e+00
1.359352132389677337e+00
3.896088939628312708e+00
4.300016018963001230e+00
5.073407050623926828e+00
7.745768302969492147e+00
9.039944547338039982e+00
1.654093715264962627e+00
4.036466739058965025e+00
3.966674420192175976e+00
5.041931935287586874e+00
7.064789687121839634e+00
8.599478000975773639e+00
1.204595262713093007e+01
1.642957276313580905e+01
1.166968193597262449e+00
3.712918894237729361e+00
5.918567641808353486e+00
6.859679777585601101e+00
7.257114761692068150e+00
8.423198450099139478e+00
1.389748932665054504e+01
1.880371553264305717e+01
2.564531832936873812e+01
4.132089693303012012e+00
2.734616788092718132e+00
4.347705005015399138e+00
5.416575155202596470e+00
1.049660042405414728e+01
1.279444016159459174e+01
1.798618429074662117e+01
2.414215808910021366e+01
3.045179773541666179e+01
4.775447197157370027e+01
2.344996211263242092e+00
2.277965439616911780e+00
5.330577869361351695e+00
6.701998120067220732e+00
9.566255101770329006e+00
1.393242808583334202e+01
1.950458500586550770e+01
2.940559104894347442e+01
3.835547779765680332e+01
5.005808259539113436e+01
6.325665290422917764e+01
9.220102684017559280e-01
4.833049118412557021e+00
2.593320346112843566e+00
8.651772015853667952e+00
1.166702538063896633e+01
1.245732373471854437e+01
2.482942378135662764e+01
2.887459410789781700e+01
4.093685712232804264e+01
5.818933500338296483e+01
7.414068552235183063e+01
9.022555487271989705e+01
6.445921315293184684e+00
5.507163204065487427e+00
3.851896567701816210e+00
5.715985227872081964e+00
1.243297912274205963e+01
1.938354448375826422e+01
3.000046486342752061e+01
3.424663915000061820e+01
5.382343176776375060e+01
6.870907471251720722e+01
9.246357099642176536e+01
1.185268565457608929e+02
1.392314036500527266e+02
2.585196280602126251e+00
7.873500234913235474e-01
3.815112635588581380e+00
1.478354849140202276e+01
1.742087053583319545e+01
2.363356892272384258e+01
2.907585021263411562e+01
4.024098852545216687e+01
5.102102719882681470e+01
7.431531744942509476e+01
9.054778586147628516e+01
1.327162185132410741e+02
1.548791546837680357e+02
1.674956409457330437e+02
1.262340241334616753e+00
1.163858261299849373e+00
6.789612423994272561e+00
9.677504783737507665e+00
1.457253034743263598e+01
8.490016137633299209e+00
2.826992777331853901e+01
6.831045590328008643e+01
6.133724477657848695e+01
7.960528893991804011e+01
1.096730384973868553e+02
1.423920856877282688e+02
1.845812097433493193e+02
1.894015548631011256e+02
2.244928913742324710e+02
0.000000000000000000e+00
2.110134288043271056e+01
4.954534040619159363e+00
5.192457433045412074e+00
1.971978324907297164e+01
6.383986621103646897e+00
3.035467699166914457e+01
4.204142622117292660e+01
7.305179865369187553e+01
7.828022444999655249e+01
1.063601304925699651e+02
1.290473179528741809e+02
1.616640476470383305e+02
2.070413322258150686e+02
2.208502868513271551e+02
2.323893723861174578e+02
0.000000000000000000e+00
2.172405574739723289e+00
0.000000000000000000e+00
3.811210923760872227e+00
1.559732794958953228e+00
3.294076967010983026e+01
8.436315486377337081e+00
1.959648619255009194e+01
3.210780650961176974e+01
8.812536330259624151e+01
1.327956297686410778e+02
1.296034382471862045e+02
1.486066842290364889e+02
2.181574048315384573e+02
2.178082901266756721e+02
2.289641485591739354e+02
2.482493073093153271e+02
0.000000000000000000e+00
1.206660571307367258e+00
3.150278682957238008e+00
4.769511534193831004e+00
3.677770540802286492e-01
4.439382941936040439e+00
3.042369992352266550e+01
4.996459325050306433e+01
3.652598201063389638e+01
4.564097546776368119e+01
6.223104798074140831e+01
1.014790431949698188e+02
1.424716864092898732e+02
1.542296060652586220e+02
2.016443019049769703e+02
2.090308746284840993e+02
2.307455123442256024e+02
2.031098113417347975e+02
0.000000000000000000e+00
0.000000000000000000e+00
1.178359782312275117e+00
0.000000000000000000e+00
3.208177824149372359e+00
2.662204370721344304e+00
6.641798298938891953e+00
1.208024985059630119e+01
2.530409944500957664e+01
2.072221927926787899e+01
9.551391677777647260e+01
7.381568723709347069e+01
1.236418943747582091e+02
1.511842639377320836e+02
1.451469928694964722e+02
1.672539972389191689e+02
1.811207135685251046e+02
1.767297901233625907e+02
1.680231126998692446e+02
0.000000000000000000e+00
0.000000000000000000e+00
1.028470560558606861e+00
0.000000000000000000e+00
4.527021781737197159e-01
1.760120332246538410e+01
2.047514696972629444e+00
9.435015168424119025e+00
4.273809518873729729e+01
8.771897948327533001e+00
4.827164197776231447e+01
9.633495643474049075e+01
1.343672445607881798e+02
1.281035215001792835e+02
1.391553608060834506e+02
1.376769056136488985e+02
1.548345240748401466e+02
1.406789758228527205e+02
1.244546489483846869e+02
9.931821524683120117e+01
0.000000000000000000e+00
0.000000000000000000e+00
0.000000000000000000e+00
1.099594575982764999e+00
1.922674857303163565e+00
1.792985501987189867e+00
4.291028083253703329e+01
8.104708745022829675e+00
7.351106402674653317e+00
2.047347318126226767e+01
3.241335779875976186e+01
1.801347279800289058e+01
4.187294375113369682e+01
5.718287451913920449e+01
2.300747090293555175e+02
7.305457650879306186e+01
1.359252185047644446e+02
9.815586848609476078e+01
8.376652958683023087e+01
9.797049923497961288e+01
5.606551232514139826e+01
0.000000000000000000e+00
0.000000000000000000e+00
0.000000000000000000e+00
0.000000000000000000e+00
7.487999935263021101e-01
1.013648065668364184e+00
0.000000000000000000e+00
1.106495944489009453e+00
2.945976328165900160e+00
1.840886236042872381e+00
1.417722016784771988e+01
8.956803721681791330e+01
1.501365754793302187e+01
2.061759495912710705e+01
4.833864703867146773e+01
4.657773580938556535e+01
5.102359409372346732e+01
8.971150473037178585e+01
6.375165774790494311e+01
5.752298310928001257e+01
5.691762843988605880e+01
3.411745757632650822e+01
6.091724701898557637e-01
5.165682965078705058e-01
9.266183713096893815e-01
9.633245047593830268e-01
9.468581550623599297e-01
1.506086471638607982e+00
1.435261769907840490e+00
1.057653974624656934e+00
1.856106128759387852e+00
1.945788119363747182e+00
1.030890480518972918e+00
1.999449395096034587e+00
2.340680751029052598e+00
2.602845931971020210e+00
4.153486093493466313e+00
1.207023863736646385e+00
2.191240764234778204e+00
2.520260895258217726e+00
3.496069860551484165e+00
5.197727174182622534e+00
6.333032812702009906e+00
2.477893934514874719e+00
1.669935844045411510e+00
2.704837961478607333e+00
4.205208666236792681e+00
6.377608741693991057e+00
8.104503433859841621e+00
8.860092286909088344e+00
3.316096528685682276e+00
2.007314962915802692e+00
4.924224378981391759e+00
5.974730726856356533e+00
6.754039367975977370e+00
8.520837561115271797e+00
1.064112972407882651e+01
1.484538089845328024e+01
4.016137254120353717e+00
4.939750816639960185e+00
5.096797903608156766e+00
5.193516714287907732e+00
5.615234244099164940e+00
1.088917205259109267e+01
1.160592978234160277e+01
1.971249821732895668e+01
2.741816434015163750e+01
1.221473110822733243e+00
2.644074388464283221e+00
5.087088684586895226e+00
7.956511151131063997e+00
1.057786936789212717e+01
1.224644323445964389e+01
2.195296694799623793e+01
2.643168763513174824e+01
3.498285397804918517e+01
4.483200181677239016e+01
2.089826842411937946e+00
6.036042571374589549e+00
6.935561614547919973e+00
6.473778144575549121e+00
1.055347127696460774e+01
1.508223327274907888e+01
2.514348355808753155e+01
3.016490936662319911e+01
4.545217424810282836e+01
5.768867155525344970e+01
7.227170347662946881e+01
2.753176733909202589e+00
3.410019322405995812e+00
3.929703259149060823e+00
6.149636611002265774e+00
1.344314990819740707e+01
1.608765570858507843e+01
3.098767720903341072e+01
4.589841057844449779e+01
4.440805553694688967e+01
7.582149871044359202e+01
9.311003606008277700e+01
1.063857850589866274e+02
4.343453068479817603e+00
1.615120626137372639e+01
7.745813112256361599e+00
1.054077197749357708e+01
1.734268530080614568e+01
2.778850974948294450e+01
3.098223588934947870e+01
3.604423879935448127e+01
5.754123393844244561e+01
7.629373319829360867e+01
9.894941006326580180e+01
1.298513105196168169e+02
1.530980411855306329e+02
1.237327071555463576e+01
4.935783637646506072e+00
2.988103811725277836e+00
2.272984914690905800e+00
2.282567501008405131e+01
1.919837301853390343e+01
3.907431948480058281e+01
4.463573389949841896e+01
6.649185701467702359e+01
9.465000515013244353e+01
1.067745858430275945e+02
1.401894149185936271e+02
1.732891283915676581e+02
2.037772159316755278e+02
1.509186301850073519e+00
2.463053541682742043e-01
3.508241081318766774e+00
3.001944437991662795e+01
1.430429529083658835e+01
2.512774141876692013e+01
3.589307776802741756e+01
5.129512033797233528e+01
6.190124098650488804e+01
7.508228853384221679e+01
1.072863931083337263e+02
1.773864914304388947e+02
2.039067150042160392e+02
2.161343382675551368e+02
2.440901377587667014e+02
0.000000000000000000e+00
2.608321821705091992e+01
3.272538472354557637e+00
2.688648345780340776e+01
1.789809668675981769e+01
1.775531104060714016e+00
2.211264504500720562e+01
5.906139504761343773e+01
8.786913609661469593e+01
8.060296541805685422e+01
1.376686684473928324e+02
1.676009090366343059e+02
1.962607630435711314e+02
2.231897448653605522e+02
2.590683786886119719e+02
2.567626481163144376e+02
6.506476965181858807e-01
0.000000000000000000e+00
2.437857471701599110e-01
2.078776781959129849e+00
6.044794548394224165e+01
2.436756851969483151e+01
2.729885476890748208e+01
7.269436417842101150e+01
6.001293560424218043e+01
7.498465483268063281e+01
1.103663842576120260e+02
1.458786766251689926e+02
2.389487056030586416e+02
2.350332879142304705e+02
2.757313885225005379e+02
2.828351666602512751e+02
2.613947405879169423e+02
0.000000000000000000e+00
1.076342277471034503e+00
4.513322915007889513e+00
5.191311120419511482e+00
7.199096173281842592e-01
1.363473398215636934e+01
3.927873479655382027e+01
3.158308497476018673e+01
9.933223916433627210e+01
7.276495836608494017e+01
1.214074852630328678e+02
1.063739341141101136e+02
1.505643360663333397e+02
1.823339062833397861e+02
2.136684207427011586e+02
2.403188981501513695e+02
2.848608116881701449e+02
2.698539532941557013e+02
0.000000000000000000e+00
0.000000000000000000e+00
1.209283530916333005e+00
1.260333683280870920e+00
1.744536628462815209e+00
9.768740274248951749e+00
2.534963307595096538e+01
3.926539714595852359e+01
3.620083158670156109e+01
1.426792470824478301e+02
6.088413325834405043e+01
8.980277350062027608e+01
1.497743867623663618e+02
1.730748011076084083e+02
1.880467439210000862e+02
2.228113371139370713e+02
2.266447055714664316e+02
2.064898941648846176e+02
2.041328034364099722e+02
0.000000000000000000e+00
0.000000000000000000e+00
0.000000000000000000e+00
1.102080241851760567e+00
2.518122487024600176e+00
3.726167756116089080e+00
1.292882559081536087e+01
2.884663449587658590e+01
2.377057599239349983e+01
4.528290351500474031e+01
1.380695363197080781e+02
6.544598689427992610e+01
1.179162848224425773e+02
1.599882692577361070e+02
1.375838410598172175e+02
1.552162660132532324e+02
1.536941630823982621e+02
1.608866055903329482e+02
1.473466955381495040e+02
1.049527498091242137e+02
0.000000000000000000e+00
0.000000000000000000e+00
0.000000000000000000e+00
1.133205911833678359e+00
3.107103152226447396e+00
1.513468126907259848e+00
5.400883057044228330e+00
2.614756893698748286e+01
3.994131945553930763e+01
2.712870806771047683e+01
4.707477046039995372e+01
6.198399979640677770e+01
6.463552336019746747e+01
9.527575554872976227e+01
1.146247898695256140e+02
1.371059063838293355e+02
1.160671967685762525e+02
1.604222781263221123e+02
1.316281188613872644e+02
1.142510787403595884e+02
8.980248813081450976e+01
0.000000000000000000e+00
0.000000000000000000e+00
0.000000000000000000e+00
0.000000000000000000e+00
0.000000000000000000e+00
2.116595477949940740e+00
5.430930810951982934e+00
1.973113444572666575e+00
3.987394529239277396e+00
7.566941766467958352e+00
1.606611892661898366e+01
9.769377169993283871e+00
1.441799847228361564e+01
3.355657549705810538e+01
9.215743536477140196e+01
5.382378508483610347e+01
9.911649530921835094e+01
1.486264601300003108e+02
9.020014687476060544e+01
8.741398544249130964e+01
5.572034879833757515e+01
5.324289854317774484e+01
8.811667786890710063e-01
9.948222459978580678e-01
1.079504148860250812e+00
9.082839076689196434e-01
1.175013017843645757e+00
1.512107699536010763e+00
7.637469044717480893e-01
1.596775508789085585e+00
2.200370636398624402e+00
2.682534365775112395e+00
1.873990849318938556e+00
1.953055052931676139e+00
2.234670035944457123e+00
2.625471146158808278e+00
3.723965360614883480e+00
1.895954254796277993e+00
2.991106284776774871e+00
2.514443482031427202e+00
3.866174954388417184e+00
5.296754443196904916e+00
8.953462821638446201e+00
3.392190544709798861e+00
3.504600278523221313e+00
3.507278728113342403e+00
5.456025559632016630e+00
5.557898721031846456e+00
8.353411923105069192e+00
1.269632952227131284e+01
1.569138856158854844e+00
3.694231053144418020e+00
4.548455996719082961e+00
4.667171917880172494e+00
8.851759023455173292e+00
1.146481692717225087e+01
1.513876897612893480e+01
2.524395014987127794e+01
2.843513186367300438e+00
5.351704635856138204e+00
4.240430007430997073e+00
8.090283408786024921e+00
9.898422843587930231e+00
1.282773725191250236e+01
1.864222370232680959e+01
2.311918342231354373e+01
3.690204267746560873e+01
8.753241638532939239e-01
3.375450661040064304e+00
4.151715027383456658e+00
9.012063067683047990e+00
1.240651696427456763e+01
2.134173916061786613e+01
2.092248875422131960e+01
3.078193819022558131e+01
4.346154916326413087e+01
5.918397475976181710e+01
1.113874701717036814e-01
4.931926551632050404e-01
7.604418263425055891e+00
1.414216048906446410e+01
1.235083926051307479e+01
1.727939304756176853e+01
2.602498424899846441e+01
3.413686503935990402e+01
5.399066205533628704e+01
7.031763814414924241e+01
9.336681846060284329e+01
3.817127428658378285e+00
8.122819929246665183e+00
4.790323575252004140e+00
6.409571899351341528e+00
1.931175192758153969e+01
2.451513861421690521e+01
3.254821541678743557e+01
4.934509447626344780e+01
6.571605621926455854e+01
8.850393202024982031e+01
1.137992038302727309e+02
1.512252293399932341e+02
1.431888207122616663e+00
1.090286586227860788e+00
1.867539147603966221e+00
1.130561079235988586e+01
1.757588844687782625e+01
3.279963175186694002e+01
3.598718620350881991e+01
7.218234715404655333e+01
7.804406367706314995e+01
9.398736093763028521e+01
1.222491705984969741e+02
1.609198493674476254e+02
1.920904388142298558e+02
1.633196088444766048e-01
1.141795733132567570e+01
4.529153576005392701e+00
2.396699143246206987e+01
1.125541378610235910e+01
2.184818627999274199e+01
4.304030527443611476e+01
4.584359603073309586e+01
8.642060268104744125e+01
1.157636885350324860e+02
1.414337173497314666e+02
1.976608767343555257e+02
2.180832465039727879e+02
2.692083270246920961e+02
0.000000000000000000e+00
7.264665533617779003e-01
3.166431422672699370e+01
1.540524850123747624e+00
8.830029713916006884e+00
3.487563314824082994e+01
4.648512683218859820e+01
7.143543407392070321e+01
1.011153441241995949e+02
1.241339738443959249e+02
1.940541446040800224e+02
2.225696947979608638e+02
2.560980035212230064e+02
2.797717819189416559e+02
3.289489920694624061e+02
1.006136314297074996e+01
1.823041475426912528e-01
2.739303351459015379e-01
3.715778694936620941e+00
1.301057644993647422e+01
1.622132083159835148e+01
6.425093636871477543e+01
7.397606212896437228e+01
6.141502849365577532e+01
1.134712623815446904e+02
1.514276775643207316e+02
2.090841850012308498e+02
2.609937524870965717e+02
2.587575309397828960e+02
3.324449073809336710e+02
3.394805771246887502e+02
0.000000000000000000e+00
0.000000000000000000e+00
1.219607315375144996e+00
1.303174002849605495e+00
2.986151195027638039e+01
1.941777162708351412e+01
4.849290027111403845e+01
6.615728801046294905e+01
7.347777306512173823e+01
1.122449440247105343e+02
1.710845736015531600e+02
2.215201313118247413e+02
3.085785920515050975e+02
3.422470015570027613e+02
3.450689726986926757e+02
3.707330315870602249e+02
3.305730684338545302e+02
0.000000000000000000e+00
6.230513071325243235e-01
5.744940326081307003e-01
9.012711566959109577e-01
4.330626908999641422e+00
2.387418870136625060e+01
2.486840194483811928e+01
3.991576876192780077e+01
9.256636090320100152e+01
6.678699617963455637e+01
1.209167898391021367e+02
1.350576630730407999e+02
2.064250874607049013e+02
2.961470466183906751e+02
3.334643680289406689e+02
3.347812850609157067e+02
3.443734479604307808e+02
2.856609752921801260e+02
9.948288896690521410e-01
9.482813696588462404e-01
9.351744263379230260e-01
1.121918188063447008e+00
4.645193589528828326e+00
2.312353094061764125e+01
5.776049108533882048e+01
3.139246306888555083e+01
3.145884261027304518e+01
7.120389968361841682e+01
1.290507888198780222e+02
2.904919497974616434e+02
1.746871341724725539e+02
2.879732950493036583e+02
2.098137829881531786e+02
3.097872445131935137e+02
2.885442626994953912e+02
2.454175594537992424e+02
2.348794114103311870e+02
0.000000000000000000e+00
0.000000000000000000e+00
1.000111915732004642e+00
0.000000000000000000e+00
4.491721813822104004e+00
5.707735949073751591e+00
4.154437838855718823e+00
5.204821918402398495e+01
5.281208886490557575e+01
6.814083133622672506e+01
7.297490915180929960e+01
1.030356155946668792e+02
1.617694185532124607e+02
2.372375591137889046e+02
2.898801299085359915e+02
2.301255413991437422e+02
2.291944075649657293e+02
2.351555017901585529e+02
1.825344493207644518e+02
2.272882442877119900e+02
0.000000000000000000e+00
0.000000000000000000e+00
0.000000000000000000e+00
0.000000000000000000e+00
2.228465578887119047e+00
2.462908633605210298e+02
6.563986383156318105e+00
9.543893620868809435e+00
1.703661440995859522e+01
3.046253884182091198e+01
7.184125552151937200e+01
9.329313078688919347e+01
9.105499385525288858e+01
2.590059997004619277e+02
2.013715243186956911e+02
1.982773930328545759e+02
2.454956748991617417e+02
1.440037263177503348e+02
1.718376533153910941e+02
1.903793281014040133e+02
1.150014850690347998e+02
0.000000000000000000e+00
0.000000000000000000e+00
0.000000000000000000e+00
0.000000000000000000e+00
1.762465967028187031e+00
4.429411996767890436e+00
6.350320576749886037e+00
3.139193158599003830e+00
6.464492141558925198e+01
1.098269994582807740e+01
3.408288402747595569e+01
4.288840770963882676e+01
1.181613218072993874e+02
7.005608292727056607e+01
2.680360682252574520e+02
2.642153345090267749e+02
1.277292893152313979e+02
2.275519697662870442e+02
1.198097457436608693e+02
8.725623122029685419e+01
9.219009817891613068e+01
6.019793477576732244e+01
1.040003347407980616e+00
1.141185991582451598e+00
3.922771928687762699e-01
2.319542678338840869e+00
8.930846444855929933e-01
7.769549051308303200e-01
8.640174647810855424e-01
1.730999121845542721e+00
1.979601229056414891e+00
5.653184418833006930e+00
1.065210221547512992e+00
3.526267020160050336e+00
2.136513568095643301e+00
3.143325301353470991e+00
4.130993774100025107e+00
1.498891357328548946e+00
2.292583457691650839e+00
4.296501677873852287e+00
7.203793641123990454e+00
4.304693532712591697e+00
6.127246329708683881e+00
7.835991985158048401e-01
1.517408142373030788e+00
1.141060455691838627e+01
3.374161317808547889e+00
6.819141257093623842e-01
9.200664659477599372e+00
1.207694764540765497e+01
0.000000000000000000e+00
4.081639134144240622e+00
2.383820577970963139e-01
1.603250955989179616e+01
6.188796305831036015e+00
1.833189313972199486e+01
1.874873669701529977e+01
2.302238111274664334e+01
5.338432196556839315e-01
5.351582650595229751e+00
6.956645962896283564e+00
1.777532414655182746e+00
6.445427657794063236e+00
1.419239934072184361e+01
1.588605625631965879e+01
4.379959712194883537e+01
3.745423022813384506e+01
3.965777124236443463e+00
4.366523008174109099e-01
8.994699025576062823e+00
1.160979706657752786e+01
1.524892620500305362e+01
1.138363766514784281e+01
1.851690122092692903e+01
2.832230566989138509e+01
5.790157779239054037e+01
6.829670773415223550e+01
1.334144629341786015e+01
0.000000000000000000e+00
1.762338821915919951e+01
2.788698161954968313e+01
8.708101032359282456e+00
1.956577088026904931e+01
4.218160262130617610e+01
3.445703429803358375e+01
6.167222072702744384e+01
9.069107083458243324e+01
1.207606408774938842e+02
1.828294420887800698e+00
0.000000000000000000e+00
4.066415526538820657e+00
1.318513104807599490e+01
1.850228055902971747e+01
2.805591862443883500e+01
5.878376564742356436e+01
7.663690047058990729e+01
1.008232107664604769e+02
1.010952037778537829e+02
1.681385825497588087e+02
1.548922360499921638e+02
4.153255167054280328e+00
0.000000000000000000e+00
6.691579167640095527e+00
1.505444091991362754e+01
2.085333144250035531e+01
2.192140648284725302e+01
3.668862083418888176e+01
4.493111891296263138e+01
1.151245275360342504e+02
7.367712537265164485e+01
1.726449654199921326e+02
2.072594748775487972e+02
2.976949018160277660e+02
1.716392414611062289e+00
5.241717807775755356e-01
3.120534421796341995e+00
1.166632223377952471e+00
2.416131057926358849e+01
2.740526084592186251e+01
2.455639468571494888e+01
8.063803871405997370e+01
8.116062943609318836e+01
1.081201012659700211e+02
1.814003707978699822e+02
2.198439859869284589e+02
2.430805013214857411e+02
3.834111326186109636e+02
5.753024202808293097e+01
5.097502239253661749e+00
7.413458072928376108e-01
9.378211037711237097e+00
6.632400755832371431e+01
1.845419316139410881e+01
9.445021472710675425e+01
5.121764814031872959e+01
1.109217295872317095e+02
2.579858391818615360e+02
1.707530690633219308e+02
2.435087021824533053e+02
3.085782473217344659e+02
3.717839001443604730e+02
3.288257901816400022e+02
0.000000000000000000e+00
2.815638360153038633e+01
1.721356021705190198e+00
5.074524086995158001e+00
2.914286051227347940e+01
2.313345604519437515e+01
3.345226228103556565e+01
4.464360097861582233e+01
1.651105173089739253e+02
2.219546253363083963e+02
2.946894884760816353e+02
2.099766393355670289e+02
2.822000601234845476e+02
4.384145605821861977e+02
4.312996477326868217e+02
5.231786073641178518e+02
0.000000000000000000e+00
0.000000000000000000e+00
1.325896675214203526e+02
0.000000000000000000e+00
1.280340023921699100e+01
1.284367691844037651e+01
2.011990087884214518e+01
1.151865315095421778e+02
1.022765130174540928e+02
1.886732059700883326e+02
3.346396568964394191e+02
3.071194738806324267e+02
5.005743228084343173e+02
3.615804359240190138e+02
5.121729294119796805e+02
4.309641375613962850e+02
4.668233062259893131e+02
0.000000000000000000e+00
0.000000000000000000e+00
1.015131723477496095e+01
0.000000000000000000e+00
3.616647367801198953e+01
5.672126626995500409e+00
2.650273931893627264e+02
4.140693970874335861e+01
1.275666775456962370e+02
1.312603036509386527e+02
2.433389366524676518e+02
2.288038478128439976e+02
4.666180804837845244e+02
4.326458842151088788e+02
4.843272190192328708e+02
5.194741905643795690e+02
6.158040870276995520e+02
7.148136202686316665e+02
0.000000000000000000e+00
0.000000000000000000e+00
0.000000000000000000e+00
1.141050682345955636e+00
4.327717235001602880e+00
5.452997401227145957e+01
1.022306390507165830e+01
1.992722209187140336e+01
1.954019980803084593e+02
1.501910294548539753e+02
1.240547833690636850e+02
2.078284418491843439e+02
1.451251656706011488e+02
2.920054968535687863e+02
3.951154416521795838e+02
5.477353091648087684e+02
5.119370493231633077e+02
2.376149251364277006e+02
2.987217148071653696e+02
0.000000000000000000e+00
0.000000000000000000e+00
0.000000000000000000e+00
0.000000000000000000e+00
4.898366202134559089e+00
1.342231521968560770e+01
5.702872441255171232e+00
4.342751779211106111e+01
2.296971401561304660e+01
1.138196693294880077e+02
2.703094841427707706e+02
1.628720631875987124e+02
1.811028410793966543e+02
3.949959809516501537e+02
2.602063488799346374e+02
4.636070928745500623e+02
2.667740473593808019e+02
3.870099809973360721e+02
2.684313324861650472e+02
1.736399612385687306e+02
0.000000000000000000e+00
0.000000000000000000e+00
0.000000000000000000e+00
0.000000000000000000e+00
1.057078475776919824e+01
9.871237756481967551e+00
3.140541851661174277e+00
1.599555410948832623e+01
4.642690332861608482e+01
2.889131076302763290e+01
5.104901603767628870e+01
1.251093614972709673e+02
7.829351143331389551e+01
1.118034768123491318e+02
3.170191002473213757e+02
1.406992046590095811e+02
2.272161135025922079e+02
7.626887964475662329e+02
1.826729207639715185e+02
1.300058041829689159e+02
1.894770421134128071e+02
0.000000000000000000e+00
0.000000000000000000e+00
0.000000000000000000e+00
0.000000000000000000e+00
0.000000000000000000e+00
6.372853799782477680e+00
1.841143602054510886e+00
8.955984792539934958e+00
2.025428994027203800e+01
1.846769821702594072e+01
5.415873998489042833e+02
3.614904466762157540e+02
6.698350149570562451e+01
8.647994668613100089e+01
1.685988610894923454e+02
3.366839063421949163e+02
2.989995530953524963e+02
1.830501370032141608e+02
1.146476924884676833e+02
8.742111591009879135e+01
1.134971672884311289e+02
3.052346133247772997e+01
