5.000000000000000888e+00
5.912769009730091341e+00
6.992167472484912771e+00
8.268614228430314128e+00
9.778081192655207587e+00
1.156310709011127713e+01
1.367399625172004818e+01
1.617023625526714170e+01
1.912217436203150100e+01
2.261299999329502342e+01
2.674108911547630996e+01
3.162277660168379256e+01
3.739563469841075261e+01
4.422234998879009282e+01
5.229530811023119696e+01
6.184201542969233145e+01
7.313151046638698460e+01
8.648194574408093160e+01
1.022695537393521619e+02
1.209392495977935056e+02
1.430171694163691427e+02
1.691254974368851265e+02
2.000000000000000284e+02
