1.001025837139334726e-05
9.569468078201594750e-06
1.358432938308691887e-04
3.212743114284159475e-05
1.527111921300126733e-04
4.623304122544872344e-05
3.697772717009575297e-05
1.021240437091462471e-04
2.122596772016539541e-05
1.287366979965876919e-05
1.628547674434465027e-04
2.474068113783604774e-04
4.176384729995402125e-04
1.396492613403072956e-05
1.158197416832219834e-05
1.976942411819952752e-05
6.704924771130964982e-04
1.464851508839794280e-04
9.312184893291505235e-06
9.253900514806929741e-05
1.271509402032892477e-04
7.684324410040797350e-05
4.071033608547515925e-05
3.748875944495140853e-05
8.921727889685173579e-05
8.594116623929603355e-05
1.089264448566937661e-04
1.063434165496723811e-04
1.008780655715561195e-03
1.504339744793936531e-03
2.097047730246842049e-04
8.647310646995156952e-04
1.475608014995151982e-04
6.888840191598955259e-05
1.354434333176961615e-04
1.195740422272268327e-04
5.811417461591504287e-05
5.348256857787964374e-05
3.977731534762318603e-05
7.984890402114647374e-05
7.084562288332108384e-05
1.851838193541206084e-04
3.069857604620396013e-04
2.310380967472931799e-04
2.536970910650313774e-05
5.357418426752174256e-04
1.594930024011407003e-04
1.312257088054294212e-04
8.223817747018174660e-05
9.170151481084977440e-05
4.597076029273541425e-05
4.022814457525935883e-05
4.212139771420447078e-05
4.256025237230944420e-05
7.448930235050327437e-05
6.356002928693932331e-05
8.368085714104445973e-05
1.320040194447092080e-04
1.953187649595577362e-04
0.000000000000000000e+00
0.000000000000000000e+00
5.240075464731099811e-04
1.252712876798184848e-04
8.239151973114174098e-05
6.595478779679824063e-05
3.983398947111759246e-05
4.320412820151122373e-05
4.362783208606080748e-05
4.596631914876880040e-05
5.043821708524752441e-05
8.089263406122465104e-05
8.197212448022078908e-05
1.723846085950696120e-04
3.288796493039335025e-04
3.714787480437900611e-04
0.000000000000000000e+00
2.708722171062709133e-04
2.086168555229075180e-04
1.344970244008041819e-04
8.538879070739340362e-05
7.747158321721210464e-05
5.681123043509842728e-05
6.501815609416956550e-05
4.598801323241800368e-05
8.968374111973383513e-05
5.017842922401465435e-05
1.087035642365849101e-04
1.351656280922875690e-04
4.801427363130302667e-04
1.604193404843125455e-03
4.977570570577977615e-04
4.911455079866609971e-04
1.228163694400605320e-04
1.025065190641542454e-04
8.212354206349494726e-05
4.956067164673018258e-05
4.536798723011931691e-05
4.844761770475947257e-05
6.198684741962925927e-05
5.200843448640669263e-05
6.905505290309289887e-05
1.411416778008342402e-04
1.263431987036469403e-04
7.829601591619411933e-04
6.620577625834949071e-04
0.000000000000000000e+00
3.979974620254117762e-04
1.437810128788839922e-04
1.490319677150077533e-04
1.686376408156401265e-04
7.398572924962786501e-05
4.857264438226557282e-05
5.421833531646423968e-05
4.888211085439773420e-05
4.853702970012227112e-05
6.901273748819016863e-05
1.148741752681005411e-04
1.383651541521264689e-04
4.626304474319693576e-04
6.221855086615919392e-04
1.343614281034002026e-05
2.484556556976117857e-04
9.101430297976876227e-05
3.159498367892497558e-04
2.951754827839218409e-04
6.463699369747034635e-05
2.687746532292131243e-04
4.777036100276409132e-05
4.513451876701728279e-04
1.420063252970523652e-04
6.336176492134462689e-05
9.333149769054280818e-05
2.950387859832048613e-05
1.855402001135799043e-05
6.535487002550546777e-04
2.258735313418740135e-05
7.851233882799679492e-04
4.827708678575480744e-04
1.028111981809330514e-04
2.382864060455897178e-04
4.453056567458379625e-05
1.110382184156693972e-04
5.277708894898069480e-05
1.343851080444411459e-04
1.097515845278841846e-04
9.875568165118247892e-05
6.610380399540408038e-04
1.998794416306219125e-04
6.050908889477475206e-04
2.627485273473140835e-05
0.000000000000000000e+00
5.142432368859956851e-04
7.484100686254196088e-04
1.810129509797571618e-04
1.249336421239259762e-04
6.213040956784279215e-05
4.415430731181091802e-05
1.024963526008867233e-04
5.114925028314564327e-05
7.679482686252844922e-05
8.003135566648012021e-05
2.012402271349109681e-04
1.354291502375125963e-04
3.510619019533549453e-04
9.795546322188997026e-05
2.658472117454833343e-04
6.885350434058234168e-04
1.709659705204746687e-04
2.600188935402014548e-04
1.580773746509014867e-04
5.782411234820773011e-05
6.135553210642294051e-05
1.269666098396402432e-04
4.046589618497584514e-05
6.482323742011226943e-05
1.004599233199488266e-04
1.057550308667614509e-04
2.087782652219736005e-04
4.088433143029055221e-04
4.362602623080150989e-04
6.455986639763197209e-04
3.566589487187681907e-04
2.890992547100194247e-04
1.995517851003669209e-04
1.354783966238664737e-04
7.370102910956065963e-05
5.464467005225418764e-05
5.945595476640419487e-05
6.644307768825719518e-05
7.930408064053229527e-05
9.576893681190358628e-05
1.446566942510614572e-04
2.285858361128350626e-04
3.767034485262648908e-04
4.126853079745423361e-04
1.493827096942805435e-03
5.289954701938956319e-04
2.608183577864196952e-04
1.216654049815891521e-04
1.380424901136011022e-04
8.220674668900352072e-05
6.255399708678498617e-05
8.765734811768035727e-05
6.976777983062120510e-05
6.698486286320201241e-05
1.641791640081124309e-04
1.654568388493707668e-04
1.544185973680348373e-04
1.081183773364276148e-03
6.319472770469528695e-04
5.865247982887056982e-04
9.793727548737902674e-04
3.281001646804564522e-04
1.713419332788643852e-04
1.469254979083053859e-04
1.183069730446069135e-04
7.119406129026631554e-05
6.100385624882473753e-05
7.768541029675426676e-05
8.292797412497962843e-05
1.311607865898934376e-04
1.444231688381818484e-04
1.681404643631517987e-04
5.224647089097701237e-04
6.361386188483870996e-04
5.372415161630714198e-04
6.863233788142619361e-04
3.968985671360818245e-04
2.242567610215845516e-04
1.401304769650252844e-04
1.198360712266828592e-04
9.369479434635800605e-05
9.281541873208906689e-05
7.774540168477995638e-05
7.986408586154997277e-05
1.166632257061397634e-04
2.079817352798814549e-04
2.086253394439590951e-04
6.043267086567822091e-04
1.584599645654563354e-03
1.643236198215267848e-05
1.686562623691420840e-05
5.756300446092361620e-04
2.471351058554708711e-04
1.265051909894597982e-04
9.957793513508138891e-05
5.178727957573816106e-05
1.724358587154074885e-05
3.951349883572116944e-05
8.524675162371558152e-05
1.650531353468837319e-04
2.485631240681407828e-04
5.963390271208991652e-05
3.078608612850353268e-05
2.802115587927512651e-05
1.066930586866969746e-05
3.940513664339570965e-04
8.412296304107186144e-04
1.169205682635375565e-04
2.541347714279661467e-04
5.657604640894355053e-05
1.147550159905465960e-04
1.953121871611543890e-04
6.010433632302907057e-05
1.476335237028627201e-04
4.170365362873690692e-05
2.510581465850498378e-04
3.195745595373225491e-04
4.787525822615498338e-04
8.046196519743370554e-04
4.038666680950909267e-04
2.021633310205489119e-04
1.532562942514159284e-04
1.954455949267787764e-04
9.620544778186558728e-05
1.271114105951293854e-04
4.393183240702725812e-04
1.195156898873754001e-04
1.138237936259361250e-04
8.527419181058381128e-05
1.102370724386823127e-04
1.234992748416237482e-04
2.449351761825242432e-04
1.598983265676181143e-03
2.922376633130675458e-03
4.057987139378847969e-04
5.451541067624165668e-04
2.915035436513788289e-04
1.108083771318873784e-04
1.630583472985986217e-04
8.964515693701592691e-05
1.331347920013458840e-04
9.468166685552416675e-05
1.313269675470937368e-04
2.876263033843507095e-04
1.274917944594048682e-04
1.400393948507128682e-04
2.278158008790352089e-04
6.727592026822989913e-04
6.815197732094095901e-04
2.847960647593005771e-03
5.703858589555240799e-04
3.132108682602888802e-04
2.425655090333211699e-04
1.838340128363315142e-04
1.964170607859212726e-04
2.528906442583054226e-04
1.848193924897683813e-04
9.905936084348791737e-05
1.574163172265395910e-04
1.022828147130565069e-04
2.850046333656574443e-04
3.279184896086077394e-04
8.487421362401404660e-04
3.892437243959231182e-03
1.368343885713491428e-03
5.248806019595807356e-04
9.367019194639333380e-04
2.688567521795715465e-04
1.957982733177135524e-04
7.977023149190580757e-05
1.269989278586045034e-04
1.285910099510156814e-04
1.049474889959091910e-04
1.740513640497163075e-04
1.781972503124084435e-04
3.024317258612369257e-04
3.000670790085008580e-04
6.297832137881707306e-04
1.491704578388641615e-03
0.000000000000000000e+00
8.393251234973896470e-04
4.325757751005998445e-04
2.248544376899601208e-04
2.392679785026128507e-04
1.087775982865170138e-04
1.209844571656184777e-04
1.150543325720133312e-04
1.231829704686775336e-04
1.413346839764461856e-04
1.284383815660201326e-04
1.977942175280921616e-04
3.133791432006596323e-04
8.984940727595692100e-04
4.785422733392787151e-04
0.000000000000000000e+00
3.113642209652186903e-03
5.791604467890825152e-04
3.032064374970820566e-04
1.930317415591755587e-04
1.051002412822483247e-04
1.192361469379446082e-04
1.009099989741357457e-04
1.319747163321023393e-04
1.275539885058251310e-04
1.660308713720687736e-04
2.766029555088869436e-04
3.214720622652821784e-04
7.425745313351161730e-04
7.646408493614111979e-04
2.005742655226528160e-05
2.231229321486675218e-04
4.597913198375527940e-04
3.189841954937838340e-04
4.126805023806085350e-04
8.102204228329220822e-05
1.790743400349911719e-04
8.131743322436425412e-05
1.084796886859193437e-04
3.090584526698515484e-04
2.928395421238802173e-04
1.192231404656297623e-04
7.775050954633326095e-05
3.030737700608053271e-04
3.193918084453029629e-05
8.671849189536677289e-04
2.937483161947551462e-04
1.632356122879328303e-04
5.870678094184367170e-04
2.240389706984362891e-04
1.699468404152278632e-04
9.249216197359024243e-05
1.389909777888560631e-04
2.182412401144215503e-04
1.426444005170531015e-04
1.343812693536267913e-04
2.329012879239133202e-04
1.946487123926971170e-04
5.004599895087384837e-04
5.159887278650951209e-04
0.000000000000000000e+00
6.371899201882281604e-04
3.016110240954673438e-04
1.783094454384838716e-04
3.266824036519860365e-04
1.296901906115033201e-04
1.183757776789201121e-04
1.585276444341730394e-04
1.398509191711851400e-04
8.480226222957741350e-05
2.874022525275749386e-04
2.765338598510146389e-04
3.905499130361885017e-04
5.346450600211857633e-04
2.156532372342648968e-03
1.231366572003863560e-03
8.687000031683341124e-04
2.473488431216206329e-04
3.448081173351975437e-04
2.410308032125226311e-04
1.215710724263615851e-04
1.340502593246971927e-04
1.300751573107875828e-04
1.983546913768455093e-04
2.236853132149233957e-04
1.796606098002356410e-04
3.085484435349437047e-04
4.534425547297491420e-04
1.062755038243379680e-03
1.361826434609278045e-03
1.353518231225687204e-03
1.118267524756898137e-03
6.642970370821075663e-04
3.080315300725458669e-04
3.022810077215247557e-04
1.427602729039810926e-04
1.361091179305328055e-04
1.248505756199867062e-04
1.337597833115613166e-04
1.544380147045304680e-04
1.674917349993223093e-04
3.166357884211748702e-04
3.654192510123904173e-04
1.135372503827344372e-03
1.936266601336184045e-03
3.144952991722439750e-03
1.241679087608345581e-03
4.585091171201606942e-04
3.886059874225417186e-04
2.491155713529973601e-04
1.726772606401815163e-04
1.627595575065622960e-04
1.448595206669304992e-04
1.430385212259661508e-04
1.193329792140939810e-04
2.886907331550881556e-04
6.721534898165849566e-04
3.471966229592306154e-04
1.107905387588889543e-03
1.068442365875357965e-03
9.807563880609405319e-04
1.050890425442363267e-03
5.947876204816296680e-04
2.803671156992897291e-04
2.699440484463170968e-04
1.212183252424509631e-04
2.960456628610288045e-04
1.939968295355017493e-04
1.564036155065024825e-04
1.656538236579227713e-04
2.062252825247672377e-04
3.221126655192853468e-04
5.738252129927147492e-04
1.450096525937803185e-03
1.584278401634612449e-03
0.000000000000000000e+00
3.570158634129876572e-03
4.247321573411141893e-04
4.240644995164739579e-04
2.741490924054565035e-04
2.264802911020777321e-04
1.601227454830780558e-04
1.771567059626585937e-04
1.518987053540041016e-04
2.407089535772757220e-04
2.254366548443958323e-04
3.278350787775447710e-04
4.075635462951237762e-04
1.876210883654247982e-03
3.542567495681625891e-03
4.267771935201967147e-03
2.821819686148203075e-03
6.537689897359535594e-04
9.382900822960943540e-04
2.879684708976476895e-04
2.797589091510093866e-05
6.573598258899154227e-05
1.728802755461917781e-04
2.419080221348359177e-04
1.744844974120381587e-04
1.781482352221037740e-04
2.249808653352671774e-04
2.502070607215474310e-04
6.731483288543146752e-03
1.466699921562631672e-03
0.000000000000000000e+00
1.140378967199906154e-03
3.952607747201599114e-04
2.142642351709872918e-04
2.494713011130521058e-04
1.424512820471406430e-04
1.089269420680455419e-04
1.693054217863442336e-04
1.695415594951326190e-04
2.322021052268996870e-04
1.347018771120728697e-04
2.428367554035524721e-04
1.300975802994754895e-03
9.583366945109662687e-04
1.241831431625538360e-03
0.000000000000000000e+00
9.175401254595836947e-04
3.565609490303010831e-04
4.348537810003928489e-04
3.289156345127313016e-04
2.005839072065287044e-04
1.572730906797689882e-04
2.041702301990820916e-04
2.718612673763342127e-04
1.642292430359490072e-04
1.962893712265601973e-04
5.260479966365454001e-04
6.112470058294532235e-04
1.586200482819343166e-03
2.970984985169728538e-04
0.000000000000000000e+00
5.609385334325816099e-04
4.112105735056756362e-04
3.157202595725469075e-04
2.367937046349736954e-04
1.571077502229685724e-04
1.464810265097889208e-04
1.881752226398439591e-04
1.999371921331970681e-04
1.507755099499395268e-04
2.532977189610737109e-04
3.576504142438123677e-04
4.281951650139422102e-04
1.241994573400882719e-03
2.971278778507115484e-03
1.278988446628678485e-03
1.035725052951052758e-03
8.431761777149634650e-04
3.695034882883216983e-04
3.774079092328718951e-04
2.239832576072892328e-04
1.649260200464214992e-04
1.732831153931117200e-04
1.983040932940129000e-04
3.178582640721882343e-04
2.009477977563056618e-04
4.222485875330893052e-04
7.696582561580068028e-04
2.395257842514545571e-03
1.241558376587245357e-03
5.264875813382958666e-03
5.839764734533692226e-04
3.921725391363198830e-04
4.423981123354400920e-04
3.471488396698447533e-04
2.472663644203969085e-04
2.086823258145674561e-04
1.960017426963704505e-04
1.744847322278807373e-04
2.396111054884924056e-04
2.830106960820867081e-04
4.234247696935924889e-04
5.181290622775837915e-04
1.570400680574445332e-03
1.111173385834603655e-03
6.512000155472145134e-03
1.494954495922687409e-03
6.143715667153914692e-04
5.491689296627871256e-04
4.015464850259496546e-04
2.233174526636985745e-04
2.188309928964020227e-04
2.611026915390450846e-04
2.299977631130801462e-04
2.648918265527622239e-04
4.215362488503702392e-04
4.713123272640817635e-04
7.426700268722098231e-04
1.643272009161705557e-03
4.915315525074017214e-03
1.424323595510984183e-03
2.631808570402520159e-03
5.509446672061509400e-04
5.807046378915702153e-04
4.207385018022685025e-04
3.053285630087563705e-04
3.204978789538869325e-04
2.200648638384607094e-04
2.428114430437546543e-04
2.570922901987752725e-04
2.846196344668478276e-04
4.707832831620204243e-04
8.783223760977790706e-04
1.849952701605970780e-03
1.640597981945516801e-03
8.668024987779183402e-04
5.757220204737449474e-06
3.976859382552645501e-04
2.888426648149555113e-04
1.959092200807558358e-04
2.534528756123762645e-04
3.132122838416736849e-04
1.229217318889213055e-04
3.318119524731175194e-04
2.119393259394041201e-04
2.225826154323559604e-04
4.712335286395838690e-04
1.587718860393874535e-03
1.060898850427567349e-03
7.963282063109412140e-04
2.322019243096787311e-03
3.507726676036670727e-04
1.375374793687055323e-04
3.359849178995069456e-04
4.000203382493633690e-04
2.727448182473484611e-04
2.065372477435099157e-04
2.003236236945971614e-04
2.000673483927780402e-04
5.330128888511587171e-04
3.579590493255314313e-04
6.209626876957962185e-04
4.665170241348109092e-04
1.269188814653270927e-03
6.684961415221821884e-04
0.000000000000000000e+00
6.557089698569381047e-04
4.337610761215870167e-04
1.113528205470843812e-03
3.074372905259565138e-04
3.037783314379021251e-04
2.036787500234438751e-04
2.222063197993433313e-04
2.113397130725488200e-04
3.391164360209347273e-04
3.940608069281737532e-04
6.390950141745428388e-04
1.042793797096098953e-03
1.393396642614746659e-03
1.993032674045401142e-03
1.260586032066952347e-03
1.354287107542135812e-03
5.293908152166584185e-04
4.506649707815664420e-04
3.709658016154575083e-04
3.391046317292874365e-04
2.006646540459945574e-04
1.986545638000768957e-04
2.266537381127478698e-04
2.825235546995407136e-04
3.869009730074071478e-04
5.626066685124489573e-04
6.403280867840260501e-04
2.900333338426115421e-03
3.013674833057613817e-03
6.709883240141792556e-03
9.581438542696421720e-04
6.402336303443595346e-04
7.213136915509099720e-04
8.098254689810329560e-04
2.691199107454086774e-04
2.268515685921787929e-04
2.849047447551947385e-04
3.382208887866721596e-04
3.211670579633176545e-04
4.044396254522635839e-04
7.343524159052465137e-04
9.125898836714193500e-04
1.836051410694331844e-03
7.403648709845832808e-03
6.165374004494988958e-03
1.651180273389944502e-03
7.315121756322704718e-04
5.644335989977441277e-04
4.711547814800398550e-04
2.974546703481509053e-04
3.509916823251029274e-04
2.819508013101952766e-04
3.022792221450796993e-04
3.297168790204987768e-04
3.938059540135186842e-04
5.689418612940982164e-04
9.516063513643803224e-04
2.634166187548745482e-03
4.042848660377617101e-03
0.000000000000000000e+00
2.102661186919374970e-03
8.232354083155702263e-04
6.837153112868221607e-04
5.160530615236526416e-04
3.134935639505778888e-04
3.273377448768465372e-04
2.948132199802546588e-04
2.818172875250140675e-04
3.391557270995103758e-04
3.591659578839484783e-04
6.913677992266361759e-04
9.949066448726212770e-04
2.393841572163207723e-03
2.088299409067277939e-03
6.418274007545901258e-03
1.698107297349506261e-03
9.542958357899274709e-04
9.345159672916942455e-04
6.055661508374914591e-04
3.948097510078684498e-04
3.354735299476864605e-04
3.264327551045664746e-04
3.324086931903820138e-04
3.373302621452702239e-04
3.921932493217515484e-04
8.298825688838207953e-04
9.261027289150583486e-04
3.472845260827633375e-03
2.866731533986882456e-03
1.453444953777222569e-02
7.849210229933722364e-04
3.598009947768960747e-04
5.335265833847928265e-04
4.828975572397129043e-04
1.465132171097489053e-04
1.802361913399117834e-04
1.324077732816673176e-04
2.322755993452647373e-04
2.662854400991346553e-04
3.728939253031725797e-04
3.088622666262214522e-04
1.832024666921644180e-04
1.924760909967271425e-03
1.254007172789477025e-04
0.000000000000000000e+00
9.883130116976324413e-04
1.093040817969515455e-03
5.862267817830197443e-04
6.760334378117248454e-04
2.420687832175518904e-04
3.160354745786928508e-04
2.952514749078778439e-04
2.688695863264525896e-04
2.567110389233521334e-04
4.323692386830221249e-04
7.097594638131525090e-04
1.486718359456805187e-03
2.516762558797711307e-03
1.473382923536344698e-03
0.000000000000000000e+00
1.637495125731956843e-03
1.378419919994110709e-03
1.773621468372722082e-03
6.234061930967891695e-04
3.468034483894700507e-04
3.662780898696974506e-04
3.420883922836703860e-04
2.759957318520635055e-04
2.466169108846320021e-04
4.172039871560056980e-04
8.086393194591555205e-04
8.646565048866224155e-04
1.679477693786609726e-03
1.529452873688045764e-02
0.000000000000000000e+00
1.771228981201942304e-03
8.003847753301469945e-04
7.487405292801813323e-04
7.948715138708945666e-04
3.363938993899795817e-04
3.202334224705149601e-04
2.963423525584487467e-04
2.966396480865399090e-04
3.865158951502936061e-04
5.939199211785980721e-04
7.311470163466552829e-04
8.374560962849719519e-04
3.438863993163365686e-03
9.578276220044005303e-04
0.000000000000000000e+00
3.548535319108683719e-03
1.619772688880357714e-03
6.449527103882331160e-04
6.849490497344448790e-04
3.771378391246056204e-04
3.511722145351574525e-04
4.005086830341044227e-04
3.546108090216093566e-04
3.859066771603785395e-04
5.583644751169999920e-04
8.126900041377113594e-04
1.080906839149551463e-03
3.194445175551955101e-03
3.284750056678764022e-03
3.663172317503735238e-03
3.037470485616442471e-03
1.441220125847404113e-03
8.875751456735209198e-04
5.943723702610590300e-04
4.935180270917166470e-04
3.412381869463733137e-04
3.606735128600366594e-04
4.538046806874529980e-04
4.084697275829571078e-04
5.356795276592455669e-04
1.013339322259125454e-03
1.774068277271138513e-03
3.424339856874484764e-03
3.224253904963511087e-03
1.944818004233978687e-03
5.347614918185836057e-03
1.071204300775890818e-03
1.008852815024000949e-03
6.907849535122198700e-04
3.815790010055043280e-04
3.754596936110404272e-04
3.976082674223727445e-04
4.783259426207033742e-04
4.560580031982721760e-04
5.102618117819215492e-04
8.892901312667798267e-04
1.201295484299945643e-03
3.107408830127750699e-03
5.750588119718566711e-03
1.031162686642885960e-03
6.113443903686051860e-03
1.098707958100587131e-03
8.835581682206195085e-04
7.386582079926250774e-04
4.190728930001793250e-04
4.505995281100883616e-04
3.880142795687221242e-04
4.383048572880456030e-04
4.909791217714898131e-04
5.501096747670091011e-04
1.029654642144194878e-03
1.225332628537779966e-03
4.216309970208317881e-03
5.661204760088646079e-03
0.000000000000000000e+00
1.881331438939040038e-03
4.092968949617928451e-04
2.406998551449532559e-04
6.343065393280516821e-04
3.153194331494168817e-04
2.689867505923276337e-04
3.203681360971731562e-04
3.734146194650929092e-04
4.656838114755979191e-04
4.092333820936320198e-04
4.602554906357715571e-04
1.234968992175614370e-03
1.730615465422632527e-03
2.280391614576055079e-03
0.000000000000000000e+00
1.832526912215028461e-03
8.541408517309818363e-04
5.487916090078968174e-04
4.992102706606564707e-04
3.838096791873051223e-04
3.540200560552151862e-04
2.259499833372511995e-04
4.065970964241165451e-04
3.801240434617242044e-04
4.528499355021088440e-04
9.972154799540919583e-04
1.007382993225348564e-03
2.115781623331680281e-03
2.904818851651989799e-03
1.369748261544510067e-03
1.588930127349947544e-03
1.745523602025335092e-03
6.567284625547025259e-04
6.169825841608354497e-04
3.846497933486712453e-04
5.371824266322694236e-04
4.478313351926508593e-04
4.505853157481003375e-04
5.232038207011994622e-04
7.036340787760224542e-04
1.421354630208484246e-03
1.692056009274141726e-03
3.548184763767445356e-03
3.326697607383972098e-03
4.108434182599242368e-03
4.089598252403266535e-03
1.955932832065285665e-03
1.547900368740406972e-03
9.383724937082602892e-04
5.495940800580230738e-04
3.996632957738764994e-04
5.050405934561969477e-04
4.981032713896589668e-04
5.774205693181699026e-04
5.924285457130280298e-04
1.037076337573865619e-03
1.453880412652245333e-03
3.839469762053405056e-03
8.299480057096034202e-03
2.556471226304950738e-03
3.378949685321474064e-03
1.804607140417940686e-03
1.620155712078102505e-03
7.604815143477493137e-04
7.423434351149523326e-04
6.308662518872788305e-04
5.002102807057163310e-04
5.654926801721604692e-04
5.542145535384049217e-04
6.311422634506576746e-04
1.222900262168658166e-03
1.468640735253228099e-03
4.327515836841637313e-03
6.744011054675251582e-03
3.224517513350817245e-03
5.258180394328337663e-03
1.510936620075680305e-03
9.458396011960279329e-04
9.605423619584424868e-04
6.416395849684783338e-04
4.576822310771597939e-04
4.963650546926319561e-04
5.545346371413732711e-04
5.180789048328813054e-04
7.289569723416883988e-04
1.335132617743517089e-03
1.432014930439809951e-03
5.403921181883538510e-03
7.801203794860666479e-03
3.964083063780161897e-03
6.013542286366111572e-03
1.623644408338304184e-03
1.152405383960666656e-03
1.070310554251925920e-03
6.181152112960168433e-04
5.165262321674043413e-04
5.679958598482064830e-04
5.530853158117247882e-04
7.924763603702818671e-04
7.322238310708530313e-04
1.249812417459519095e-03
1.635526023547533925e-03
5.918326196609095986e-03
8.852376526060204420e-03
4.684928206852419404e-03
3.511759712539030531e-03
1.667669597880120508e-03
1.375784867888305832e-03
1.005754421347632762e-03
6.320448763251975289e-04
5.576032368801561636e-04
6.847059929160820074e-04
6.215608169749907560e-04
7.693188701614213885e-04
8.173575158013989895e-04
1.608932917926828281e-03
1.858810308843750507e-03
9.400468359160087453e-03
1.271977312052134830e-02
0.000000000000000000e+00
1.153288294516481658e-03
6.418436302889839965e-04
7.266841180290848886e-04
4.320294051435655128e-04
3.250874636318582195e-04
5.031803936413949694e-04
2.932656224829693231e-04
4.774164505523676967e-04
4.751617192573309267e-04
5.766927266910069167e-04
7.354025757977560637e-04
1.539758555987878145e-03
3.067654631215316948e-03
1.421539333211465890e-03
2.480463200947499551e-03
5.057407281212849756e-03
9.042946071007873250e-04
9.685833970916235460e-04
1.012459470202630796e-03
5.287956585954561471e-04
3.267344792202261840e-04
4.431620588758467807e-04
5.018975694522729430e-04
5.724445002538136032e-04
4.477069703393319147e-04
1.543212332248188566e-03
1.579729689182278940e-03
3.574032199828596369e-03
3.443591910162697133e-03
1.336478630229023454e-02
3.247535637616096819e-03
1.671741363223938799e-03
1.295852335938787103e-03
1.008405912362166264e-03
1.049245303460240308e-03
5.553794981086421657e-04
6.217229584434252193e-04
5.903395170751984684e-04
5.133684639319178880e-04
4.807268469094677448e-04
1.531358247118989359e-03
1.488802020420269649e-03
3.733193226468752273e-03
3.139161042662741517e-03
0.000000000000000000e+00
6.559826769580843001e-03
2.033942115967662511e-03
1.380151753478975644e-03
1.130493619118666917e-03
6.278077130325684018e-04
6.050592748088888832e-04
6.193861122963122048e-04
6.423999857629177860e-04
7.066452600370473364e-04
9.979631883423451238e-04
1.320034210651704724e-03
1.499203649394684461e-03
5.206032815083875588e-03
7.975586945533526262e-03
4.799918355195469631e-03
4.561618466242036221e-03
2.095645387490875471e-03
1.633828292638360739e-03
1.202021161107849449e-03
6.738753670506613443e-04
6.585859757544195890e-04
6.180827345741411478e-04
7.130166043435372551e-04
6.674446491113379242e-04
1.165764759480692435e-03
1.496764712210250448e-03
2.172621708743137110e-03
5.840056321690468254e-03
8.102542332484929249e-03
2.121716223466914644e-02
7.982198621801880195e-03
2.598739724107346650e-03
2.151719137280071279e-03
1.210851060232703141e-03
7.090983038180981952e-04
7.289696397866986559e-04
8.707630374168880399e-04
9.407903498225837118e-04
8.500493282666412654e-04
8.608721424979058840e-04
1.671283380956101704e-03
2.445352881802603188e-03
6.987249481190037532e-03
1.848664380651672198e-02
3.873024174711090298e-03
6.147684697856222076e-03
2.559263904865543594e-03
1.469658605311944871e-03
1.435249894603609060e-03
7.835875643873009772e-04
7.923009832591550996e-04
8.436906350449662872e-04
8.367682772703984766e-04
9.487030280651358952e-04
1.027358189545431351e-03
1.886362264462592385e-03
2.263903878222028355e-03
8.127278799037207860e-03
1.287081178908688374e-02
6.794199218199396817e-03
7.140529899437074793e-03
2.499719101746564372e-03
1.930468692901628289e-03
1.467970282288982853e-03
8.164204552877876069e-04
7.842292225199952709e-04
8.315026963994148279e-04
9.574545213539431424e-04
9.466509515381070407e-04
1.173810076189069984e-03
1.964765308281450976e-03
2.730526859952680293e-03
8.629078276333891628e-03
1.118439279817412361e-02
5.970457178036315919e-03
2.290544067060753912e-03
2.278615630991748329e-03
9.153235419461275193e-04
1.270288210128696403e-03
3.986374610472055930e-04
3.988916595172451915e-04
4.820394554154678940e-04
6.012669608185951904e-04
7.867734506767912932e-04
1.072127275764911533e-03
1.411919442816678702e-03
1.504925819147758361e-03
2.360460692414545394e-03
2.232252650155620854e-03
0.000000000000000000e+00
2.997855415255597927e-03
2.810706387628188283e-03
1.172646753473378586e-03
1.647122953005198840e-03
5.742752492588778200e-04
6.696914992593839796e-04
6.826517148614465614e-04
6.030859481609146403e-04
6.855170883156839383e-04
7.920458030363751456e-04
1.730357177288855981e-03
1.959618005176981884e-03
4.734861796365829982e-03
6.223192489356893335e-03
6.783003770367680360e-03
1.007179596733487163e-02
3.754932015640006105e-03
1.648701926144770496e-03
1.418339736541706329e-03
7.304890995298753001e-04
8.111805549073021785e-04
1.019588435884505881e-03
7.750433366532611485e-04
8.701096708037460870e-04
9.848537103080065840e-04
2.168422743470279409e-03
2.888390837634823276e-03
8.496453152061034936e-03
8.493937881320441988e-03
4.609017398076389535e-03
5.327171822435580913e-03
1.903723900413238721e-03
1.934479553330767940e-03
1.322077406459044218e-03
9.937697361173778061e-04
9.052855277620981602e-04
9.237222133962596235e-04
9.364905268428989514e-04
1.034268526519308484e-03
1.006923537868763697e-03
2.105460452687208436e-03
3.028882064655370569e-03
1.038363791961556537e-02
1.268531633780702918e-02
5.427796590508427235e-03
8.084209917841979690e-03
3.520368801359293441e-03
2.295459189101697970e-03
1.742012890152796339e-03
1.045354042913103918e-03
9.952612903564015713e-04
9.179858504759253216e-04
1.071036518915297270e-03
1.218662160140525537e-03
1.298774327734745311e-03
2.432429065103083789e-03
3.300195739625033219e-03
7.601975866193677947e-03
9.512787499208684786e-03
7.219386281138984868e-03
8.732251180815877797e-03
2.957875900905211110e-03
2.330609067388777697e-03
2.132027363800091928e-03
1.032315558053458924e-03
1.069473556878976130e-03
1.048310246289044061e-03
1.147991297241013169e-03
1.222309883251877435e-03
1.438319802727464980e-03
2.318891056113162735e-03
3.754815633648875012e-03
1.096881737276467032e-02
1.158619467964029474e-02
1.918790978783078277e-02
8.902060041128985468e-03
3.596864895743000137e-03
2.634196057845673237e-03
1.939579807297712490e-03
1.160903865827179939e-03
1.136068796507006028e-03
1.151304816794643552e-03
1.182230922204428967e-03
1.324674999056146265e-03
1.725201157060624480e-03
2.807125578930081550e-03
3.648693783053836778e-03
1.156670671061232197e-02
2.060799547337315019e-02
1.690019634110184396e-02
1.279984936170474978e-02
3.351112363457957148e-03
2.253673783595503896e-03
1.896425378703370506e-03
1.201565001281136797e-03
1.168690656170659481e-03
1.084350117651610226e-03
1.305685951500075567e-03
1.372516029497351450e-03
1.739635031411911493e-03
3.078598735410875958e-03
3.929400120474285489e-03
1.275197262313959232e-02
2.165588076723532970e-02
1.645535671933288924e-02
1.336561305866975843e-03
1.989108810569337627e-03
3.325114079873646000e-03
1.139951655537759000e-03
6.191515027295715901e-04
6.019326166839990147e-04
7.676865792284794793e-04
7.637313966806632756e-04
8.337041649506065581e-04
1.194478522876564865e-03
1.431000060220288805e-03
2.767238276320325117e-03
1.288641391036691140e-02
6.473304089792341134e-03
7.001965623471054050e-03
3.922098771768104883e-03
1.549783377185013581e-03
2.304852777308049987e-03
1.668799704167381196e-03
8.481122324182858302e-04
9.614378968782290097e-04
9.342010899103491946e-04
1.064464466507192026e-03
1.670825203175311992e-03
1.165158101685920874e-03
2.472174176833288623e-03
2.794053614128730843e-03
6.549672735433175602e-03
1.123120485891937990e-02
9.747505183185263891e-03
5.187810072917978244e-03
2.609751411520530324e-03
2.387851275438053304e-03
2.089724081843252063e-03
1.135350714904037476e-03
9.651313119478032408e-04
1.039972348457944692e-03
1.080752248020631738e-03
1.309395299160125582e-03
1.496344362743631069e-03
2.546956867697857969e-03
3.312744360880076535e-03
7.947893359865291357e-03
1.673068316260220914e-02
9.475613668214756882e-03
5.730889166265011603e-03
3.182303025585435721e-03
2.460153749578171314e-03
2.436316544723527138e-03
1.889815726095486672e-03
1.166006137161848316e-03
1.343806099861425459e-03
1.437044769843326408e-03
1.630003376739110055e-03
1.578711592725334312e-03
3.033771602621094729e-03
4.262944969190413970e-03
1.050841282285822943e-02
1.726547877783322568e-02
1.318966777897835965e-02
8.381588745114599073e-03
3.729549629275489761e-03
2.895157689598840470e-03
2.205928987199024145e-03
1.409716259221348257e-03
1.211065648377798601e-03
1.382452897407458617e-03
1.434174221000669453e-03
1.665391607247126721e-03
1.745757768847636723e-03
3.421684372682795138e-03
4.404207567953617557e-03
1.132160419537812587e-02
1.556250859940828436e-02
7.331737017802991349e-03
1.795065700836774233e-02
4.056443960255495633e-03
3.251473333389453581e-03
2.367047645293182765e-03
1.381022484012791630e-03
1.313624949524705172e-03
1.366406804299441415e-03
1.464711248941178269e-03
1.733882403805578343e-03
1.753545363359004143e-03
3.808143669615521396e-03
5.158112275917199098e-03
1.633854265494070687e-02
2.819071780612916397e-02
1.017532290607608622e-02
1.018755470284376033e-02
4.187537502290518930e-03
2.921647040807051187e-03
2.832068265139921388e-03
1.428171773335828966e-03
1.525879274873024683e-03
1.685883125297681952e-03
1.805084665129603073e-03
1.784605024674135870e-03
2.280935616861867569e-03
3.746843175489954301e-03
5.479027281342519623e-03
1.594558059818059967e-02
2.679899485994352223e-02
2.288178315836191315e-02
1.141911988885397147e-02
3.787105796624361774e-03
3.365299130678436803e-03
3.009675073989976756e-03
1.689056267754027044e-03
1.504025519048042374e-03
1.613708036223979484e-03
1.789243740838306757e-03
1.848409555645879861e-03
2.124918911421233569e-03
3.881445129336081636e-03
5.477158502330070969e-03
1.835222557391749318e-02
3.079219352770384138e-02
3.142580683512505996e-03
3.737008624905768187e-03
2.622096076966417156e-03
1.888587243340406150e-03
2.237651971813422493e-03
1.040373064232810512e-03
8.143349093356167879e-04
1.338040264649736563e-03
1.507335608109374326e-03
1.628550083924429131e-03
1.151151850067775933e-03
3.170702563615570083e-03
3.221592957476780705e-03
6.034258068318631811e-03
5.212410615814555385e-03
2.052427622618529113e-03
5.620091806299731645e-03
2.459415286312582102e-03
2.795872106737858596e-03
2.186786301185820233e-03
1.262419727823451765e-03
1.433088506037399163e-03
1.178562466686698370e-03
1.308163201906526211e-03
1.543178334915906074e-03
1.960239835980761517e-03
3.086544836730841391e-03
3.731877561015352427e-03
1.066145514756164717e-02
2.261053288797330169e-02
1.674028393626657979e-02
1.099422870218122981e-02
4.184766660476511510e-03
3.733358645964359249e-03
2.390785212962285699e-03
1.567381432398035198e-03
1.462347924194321675e-03
1.377852441739051744e-03
1.521228112994571285e-03
1.924349359911654627e-03
2.419190027029873447e-03
3.717098303184809566e-03
6.522737147442400976e-03
1.443071509204049349e-02
2.179108603984413611e-02
1.147906379661557848e-02
1.028459870747604719e-02
4.133229731456449646e-03
3.508473443079224586e-03
2.846706837889156124e-03
1.937431166778071914e-03
1.555976049520837881e-03
1.699776332600923213e-03
1.909970552353676453e-03
2.144492454200483660e-03
2.082301351641633724e-03
4.092974430299395165e-03
6.298112059498314069e-03
1.718563949317244641e-02
3.623931964085123220e-02
4.081754691193978379e-02
1.273673581712114582e-02
5.806095285262126253e-03
3.747155175785249481e-03
3.100532642432014298e-03
2.191212154594487059e-03
1.747744938441005754e-03
1.930814833793819026e-03
2.221835087607840816e-03
2.268070695530398969e-03
2.940926265269500767e-03
4.124099319714101541e-03
6.974528719524608102e-03
2.006552285758293752e-02
3.208515722369302547e-02
1.013137659193305562e-02
1.498714048891829076e-02
5.357455755405385496e-03
4.248732078456996832e-03
3.598118382909326184e-03
2.300461975245945371e-03
1.993438468604712046e-03
1.880148727720091974e-03
2.072971970276922451e-03
2.439325978709093370e-03
2.779254322948358693e-03
5.042289689729539254e-03
6.822983318191064121e-03
2.202581626420095293e-02
3.463543328207298322e-02
2.157635881797523997e-02
1.509272076037213028e-02
5.860562886557533699e-03
4.633428171133862489e-03
3.546169601006994229e-03
2.263412775356213064e-03
2.237459490425051500e-03
2.071053629876901288e-03
2.370343224654092220e-03
2.672721093339538220e-03
2.814701558760949584e-03
5.288103004418562465e-03
8.262528914089104642e-03
2.339313731888646025e-02
3.902395794173594418e-02
3.682381716298681329e-02
1.611085439922312068e-02
6.075851009865370841e-03
4.779668007899247166e-03
3.684499904596223382e-03
2.374326559378899491e-03
2.115590171122393691e-03
2.077188716229285293e-03
2.306152704005709746e-03
2.658737998815587523e-03
2.906582942564100557e-03
5.083840838121678023e-03
7.613305585416050604e-03
2.965848707094016420e-02
4.425174301086743506e-02
3.348626625238768691e-03
5.741372041531165454e-03
1.965010503646645763e-03
3.065346743578018646e-03
2.844057144225531786e-03
1.560825412501468156e-03
7.173418347458163351e-04
1.182491515349792929e-03
1.361026259388707117e-03
1.342308989369633918e-03
1.694522568689022695e-03
2.924529433900798902e-03
6.127147697988374019e-03
9.839546453989459970e-03
9.801371119584763661e-03
1.754608442501581420e-02
1.001729008122934257e-02
4.084238873344903792e-03
3.249281056745868118e-03
2.811540363981539746e-03
2.171199284573906933e-03
2.448483796272109877e-03
1.947330607099717441e-03
1.828354451153445031e-03
2.067518652330249673e-03
2.461706876982761721e-03
4.603508027672786017e-03
6.260874841980168352e-03
1.547674626920485588e-02
2.096183249271154833e-02
1.016678816143875771e-02
1.158182603245099321e-02
5.438533794026743397e-03
3.904490572283216519e-03
3.407073875224466298e-03
2.033535903752359784e-03
1.903530661751905292e-03
1.757666335101450020e-03
2.391384869019248360e-03
2.464674914037750467e-03
2.940496856553290878e-03
5.203667639176442171e-03
6.692642523710489420e-03
2.260164913694814176e-02
3.262833891533672981e-02
7.079689278702086704e-03
1.365424194564855177e-02
4.668889305418846315e-03
4.816022144623019821e-03
3.613095845309420313e-03
2.455859467436238928e-03
2.365991583113279464e-03
2.194184931733076608e-03
2.461606966593516462e-03
2.915348701637390880e-03
3.171257417311257407e-03
6.564369804284671435e-03
8.487327465792365855e-03
2.533452226856532097e-02
3.019425459590352120e-02
1.920011994976933423e-02
1.388853103822214850e-02
7.081145578738565378e-03
4.970467001511544476e-03
4.356211447294836177e-03
2.986496358991303206e-03
2.530754364085895623e-03
2.623514276415992493e-03
2.840976119389911417e-03
3.251041605929859326e-03
3.686169803741831761e-03
7.045128975028177448e-03
8.572694481679240391e-03
2.530911265572381719e-02
3.776773486363708965e-02
1.952873948887533934e-02
1.995232913390866669e-02
7.868711883413264871e-03
5.273240680833640552e-03
4.460883773715120307e-03
3.075706931214226055e-03
2.716334378132206039e-03
2.791196255169212277e-03
2.872541327910246856e-03
3.131459208934370738e-03
3.774052308606914725e-03
7.197182603000071635e-03
9.665895541499359978e-03
2.974114504139048834e-02
5.844433766894056165e-02
2.591823632926026216e-02
1.970063666147052819e-02
7.696590703285131202e-03
5.781594822530385092e-03
4.811830267514062565e-03
2.955182592291738866e-03
2.574201221212231178e-03
2.827407487311042744e-03
3.024844667877122587e-03
3.438211543092079166e-03
3.671396699686931605e-03
7.323066348932248150e-03
1.019669364696930251e-02
3.255319763111612363e-02
6.577716835413635610e-02
3.026648932877976442e-02
2.841345565719932686e-02
8.353129821978050665e-03
6.221178788707788267e-03
4.953554626878527156e-03
2.920535875369666221e-03
3.060020885751576353e-03
2.953364798023468043e-03
3.343718640312336871e-03
3.709080268900762350e-03
3.936341219756837179e-03
7.405810528725388642e-03
1.078558186606534165e-02
3.445050302877521176e-02
6.532401809207674659e-02
7.546492418241409518e-03
1.074709063063079492e-02
4.406197810144383588e-03
3.206247039051045127e-03
3.259508656578018453e-03
2.177018783271215865e-03
1.576249443896188523e-03
1.492086900502444637e-03
2.436849800935687611e-03
2.925235751463496018e-03
2.178760816925444464e-03
6.101841607572500333e-03
6.099529770873537114e-03
1.370481981464794115e-02
1.514621478687046795e-02
9.729731904432881162e-03
1.483313572680736853e-02
7.019625342747343351e-03
4.962089884471620332e-03
4.494402493516732461e-03
2.162403312486864317e-03
2.132004757062262550e-03
1.866069808099884682e-03
2.790780013112950479e-03
2.214947218546009945e-03
3.086953165857549402e-03
6.525369626228075953e-03
9.631166885975865621e-03
1.518393781281263122e-02
2.783737764055381134e-02
1.813478038340235118e-02
1.323526834460603090e-02
7.321828180326501838e-03
5.437487169906903180e-03
4.703377570589087169e-03
2.868077762578458405e-03
3.162834036222204707e-03
2.740196178250380466e-03
3.065875153285908296e-03
4.214533331558385255e-03
3.584354665685698937e-03
7.175955449271040863e-03
1.066549622335886266e-02
2.577240459549842710e-02
3.199133213400474907e-02
5.597043614635047182e-02
2.034815163014945527e-02
7.357321573164067423e-03
6.070188618632238985e-03
5.447189113520820199e-03
3.268557553819976917e-03
3.020685791320631801e-03
2.965980606728447870e-03
3.587498530456232921e-03
3.953407140498627417e-03
4.021274904101006763e-03
7.746475172902825800e-03
1.095327464994062978e-02
3.663269832561102252e-02
3.934564803848595443e-02
1.663325302356858174e-02
1.987871579124290272e-02
9.110031215630053081e-03
6.982025011359950517e-03
5.546343732353850760e-03
3.677142655775549746e-03
3.316857225514225228e-03
3.621128651139511167e-03
3.975018816001112468e-03
4.357427043784000385e-03
5.187474265906363846e-03
8.687725586320530630e-03
1.229289632790264188e-02
3.509194465856374512e-02
6.310544513724548887e-02
3.055704721529282908e-02
2.328284821282578312e-02
9.914312160235319582e-03
7.458220916074296929e-03
5.776064033759101442e-03
4.070029048066165812e-03
3.668151898195233605e-03
3.857668104707280034e-03
4.078561300332459068e-03
4.591587455814533092e-03
5.233076659246431450e-03
9.495051736956888755e-03
1.262088427614283491e-02
4.204343965704909064e-02
7.077519706505558394e-02
4.711178963985619000e-02
2.998559700154013533e-02
1.061805328966255492e-02
7.000856753234776381e-03
5.916404411724372585e-03
3.870878826667813102e-03
3.663765826988641446e-03
3.751693326680144696e-03
3.994947324243567320e-03
4.575619868781499386e-03
6.029259680848535891e-03
8.836953721574999226e-03
1.246679880337844132e-02
4.411119833974202348e-02
5.936636607925964426e-02
4.325280109989139421e-02
3.009399862917835553e-02
9.202332159653761265e-03
7.541434894788954374e-03
6.296239964964409942e-03
3.834408761964835932e-03
3.603739980437122015e-03
3.853671189285507760e-03
3.956083458976077626e-03
4.973848944800345062e-03
5.724717825860977521e-03
9.271641951894605410e-03
1.303749075401634296e-02
4.072645494874536226e-02
7.179486605866944315e-02
3.780031478589805476e-03
1.361454054735510358e-02
6.494367556732787497e-03
5.913424000578375479e-03
3.387804060794055890e-03
2.524669341210898296e-03
2.618230375837384688e-03
2.358712391514979079e-03
3.651892562370959161e-03
3.899270050425764512e-03
4.731334520773985801e-03
8.942471865875017967e-03
1.028410317303666763e-02
2.426492486364469764e-02
2.983006502201480253e-02
2.649491256158938504e-02
1.034452927563522633e-02
6.155290964969150486e-03
6.440945159191528886e-03
5.452603733314810228e-03
2.920683953297025393e-03
3.517204313006389374e-03
3.859637546912615853e-03
4.063144445376598753e-03
3.844470381105710363e-03
5.172451835715957159e-03
1.047922423723296817e-02
1.066446448091971748e-02
3.734782451584958002e-02
3.512111140174695861e-02
1.989981446430309428e-02
2.103623349839588846e-02
9.465007233289760014e-03
9.363161632946523372e-03
8.132411947643412506e-03
4.361233845388366899e-03
3.660666305254595826e-03
4.023362349977360405e-03
4.010068117717886967e-03
4.594389474884595127e-03
6.220312659702229886e-03
1.190652889931011552e-02
1.221208291520887307e-02
3.973219971480001361e-02
9.181838786923640638e-02
7.760437874646111678e-02
2.824864190221877680e-02
1.180780680613322843e-02
8.439716720971652056e-03
9.966652709517983752e-03
4.423731902734762134e-03
4.155887161835025885e-03
4.485039687953545386e-03
4.827689360589968934e-03
6.617182093189915085e-03
7.062489495030358638e-03
1.154142204896289187e-02
1.668847774174734080e-02
5.308663790653709441e-02
4.403627050512329277e-02
3.564612574958236912e-02
2.507985557028089008e-02
1.442836487037255262e-02
1.032299346507047424e-02
7.319538844217398678e-03
4.695859813862675314e-03
4.581107167109073168e-03
4.816591039103182773e-03
4.946282416812686558e-03
6.333039978141256736e-03
7.622526932745094831e-03
1.265067078832027986e-02
1.877767583146155994e-02
5.499238867114023682e-02
8.976890361186422307e-02
4.365409067954335171e-02
4.033515867800699373e-02
1.237485186568242947e-02
9.155072839485484809e-03
8.209882583496457692e-03
4.875116000054360681e-03
4.682997220439221071e-03
4.781625360516821542e-03
5.982061076670225179e-03
5.750462144420892367e-03
6.548250078219698331e-03
1.274532717222567023e-02
1.848333754900536793e-02
5.506593360845037088e-02
9.565699167934388347e-02
6.051398976871638635e-02
3.329215075579110977e-02
1.274718374872052008e-02
9.393975535418156581e-03
7.804129017371362956e-03
5.246707652306014519e-03
4.617339049999897270e-03
4.957052681553441274e-03
5.247945108121880760e-03
5.762080362371799387e-03
6.639491229653064763e-03
1.225126010551648957e-02
1.660424674247020296e-02
5.646227069433357865e-02
7.374995696905270459e-02
5.122362721123156770e-02
3.926031541865826480e-02
1.316682710439229763e-02
9.607944031514532510e-03
8.414702189553294534e-03
4.901913386852497882e-03
4.889759038629874939e-03
4.849875498161244046e-03
5.480204668914679528e-03
6.377101598538173488e-03
7.381453074901912423e-03
1.212438179672844889e-02
1.710850271835698266e-02
5.645298480545454800e-02
9.320567226789741588e-02
3.521047165415834568e-02
3.137546587221468064e-02
7.198103811985165704e-03
7.363242751642108674e-03
5.058427936901654237e-03
3.896985717497444650e-03
3.743059834739649767e-03
4.015582494733882513e-03
4.998659194688627114e-03
5.304059047935285806e-03
6.074163996683046469e-03
1.035608308522648589e-02
1.509637292040091200e-02
3.681397265051680745e-02
3.043919162582037208e-02
3.201953762897234018e-02
2.253185932203258940e-02
1.123185694691296484e-02
9.340875893534075075e-03
7.931477896614063522e-03
4.185395748380382579e-03
5.129301164396649244e-03
4.558163808357335554e-03
5.136981674976479756e-03
5.916610451470124404e-03
7.868520578729705159e-03
1.386322279157889761e-02
1.672756389563733251e-02
3.849372360743363169e-02
8.652823998937148042e-02
9.871474469354754588e-03
2.061541581385570657e-02
1.929445128370340171e-02
1.194729555978513852e-02
8.826359409081325005e-03
4.883482036107723336e-03
5.865005261273487612e-03
5.281682428811125714e-03
5.710200467734318636e-03
7.897394420090519951e-03
7.680342864981822004e-03
1.397227675658406672e-02
2.521475903883556996e-02
4.722155812476944159e-02
9.068278986648191375e-02
1.105147333145415772e-01
3.047963074862750782e-02
1.351359476924554603e-02
1.284703503880877881e-02
9.975957398116545513e-03
6.188990807733070650e-03
5.859042793674089193e-03
6.291540708921039039e-03
5.886938435311226715e-03
7.219641120559732068e-03
8.546822154782434192e-03
1.519654990254974171e-02
2.033843985182584579e-02
6.286940132617718779e-02
9.492997669980109132e-02
3.675670958339630895e-02
4.142511216441868704e-02
1.570294188933183191e-02
1.151188633036776682e-02
9.844398968367638544e-03
6.824620147482618124e-03
6.123591725723746999e-03
5.926553761218117389e-03
7.263521154424554087e-03
8.178978044764360564e-03
7.837276477258669008e-03
1.592044768797198223e-02
2.197633172020722545e-02
6.017869442439222755e-02
1.054524508353905515e-01
6.323239866579435930e-02
5.174091802729657158e-02
1.498245796024489512e-02
1.321513066082663154e-02
9.801508036513240790e-03
6.508867508523832196e-03
6.390121129308330879e-03
6.170094844592450764e-03
7.163670646889256158e-03
8.146766390238329228e-03
8.533750485924151280e-03
1.623591662672824870e-02
2.191515152865740682e-02
6.707520043502820939e-02
1.531946943829242402e-01
6.963368964024357899e-02
4.557556450153414651e-02
1.524537015745375777e-02
1.294482324247980126e-02
1.046826818874197103e-02
6.410509716030641895e-03
6.319186499528271252e-03
6.401050314127513206e-03
6.612171264677660018e-03
7.261056351058864378e-03
8.927554312482953447e-03
1.585046527922525858e-02
2.249304105437279627e-02
6.707602724652575454e-02
1.059381217072480896e-01
5.676960307881281226e-02
4.767049620172978536e-02
1.667547724266968054e-02
1.193616380117228266e-02
9.749323399660128620e-03
6.313432569442337799e-03
6.004317453086970187e-03
5.395336456583734071e-03
6.498728115594391321e-03
7.198500000160726504e-03
8.505822514024515349e-03
1.514606679169332865e-02
1.849347601676818928e-02
7.126793372270721905e-02
1.250054688663528313e-01
1.414240635717558918e-02
2.063636248602398332e-02
1.829173771561288381e-02
9.866834373273302566e-03
7.674970451909434062e-03
4.990439538864107141e-03
5.079595146209030243e-03
4.465525976666824375e-03
5.475136219419989361e-03
5.368684564720246563e-03
5.408333971885143955e-03
9.716552044499981652e-03
1.921888575592799533e-02
4.552441775451972900e-02
4.880165876696698074e-02
2.673575392355533389e-02
3.576023751336577378e-02
1.247963376246917500e-02
1.365347194717118733e-02
1.420528536123258356e-02
6.848673283080034674e-03
5.484792126083044665e-03
5.462944329964024813e-03
6.347250630434926946e-03
8.508027861209622317e-03
9.657563738444353493e-03
2.203380524806888494e-02
2.404230649337683184e-02
6.061741197385605434e-02
1.576080828721275473e-01
2.239356965797031224e-02
4.474176179340093318e-02
2.003056331285559682e-02
1.560885602459236715e-02
1.031656391642529237e-02
6.660281780273843467e-03
6.889807077115139324e-03
7.091710731085227280e-03
7.521482927145360826e-03
8.867219752135986274e-03
1.038057790749908477e-02
1.865478698922017411e-02
2.697425164113209650e-02
8.888501437106904879e-02
1.073490554322552581e-01
5.514947013407509036e-02
3.780153619303977530e-02
1.789027207834917657e-02
1.833804921132400553e-02
1.643913748459904789e-02
8.358538629417001584e-03
8.094294352623380290e-03
7.540598679115066184e-03
7.780619664074740413e-03
9.164073638919280340e-03
1.128296377357481187e-02
2.060510919436731037e-02
3.323475052702890703e-02
1.001838269336983167e-01
1.743498608378876991e-01
7.134284575438000486e-02
5.931277968931844558e-02
2.317721683313304915e-02
1.627245566030478818e-02
1.345457672964395744e-02
9.303452131364813374e-03
8.842176069204444461e-03
7.894454299766092559e-03
8.946618400037504790e-03
1.059603044703470894e-02
1.093278018250374087e-02
2.057505665751976562e-02
2.726873195281077217e-02
1.102986993479220662e-01
1.285559514472844611e-01
4.396725435157910478e-01
5.304462854031936903e-02
1.785754411265775762e-02
1.393085500453882138e-02
1.313360026738496188e-02
7.460407441048207133e-03
7.978984051339080286e-03
7.563094015531790504e-03
7.962151330009218514e-03
9.554098199646364128e-03
1.128758417822634495e-02
1.849528683147928787e-02
3.071593709242352588e-02
8.800928212587984245e-02
1.149529226367236034e-01
1.592582197319037107e-01
7.651390762735803264e-02
1.705085878243057379e-02
1.584329420090852675e-02
1.247061602574286478e-02
7.532455811299350150e-03
7.355625977836025876e-03
7.797838046587942350e-03
8.375322402246299786e-03
9.754658790497474155e-03
1.042046242604123020e-02
1.790346555424365133e-02
2.999825071332733531e-02
8.423813225820071804e-02
1.593823209998325163e-01
6.398897117924885747e-02
6.652149768949650044e-02
1.994797225611819394e-02
1.434429241889798035e-02
1.153806992725201971e-02
6.755875950269421039e-03
6.529392881573422951e-03
6.975672893571336318e-03
7.480311561233755555e-03
8.696327597844600438e-03
9.469989807387836980e-03
1.767474078585744290e-02
2.381721706222875157e-02
8.265903375209822379e-02
1.312699849652254891e-01
3.686321915753331020e-03
2.298905973306432718e-02
1.094792086069482605e-02
4.768922202080376829e-03
1.463047035222342362e-02
5.963916398767424125e-03
5.646546159404689652e-03
4.119435943351146615e-03
3.593646358582810833e-03
6.051390152672615243e-03
6.233115672601111969e-03
1.213850782601642690e-02
4.349354610337834853e-02
4.365310456118974558e-02
5.966470613653351157e-02
4.875069421078667004e-02
1.945080916990178654e-02
1.747561088277056751e-02
9.822882422730263782e-03
1.031476270719917411e-02
1.683070953754327304e-02
4.743809763471136878e-03
5.880501803534859094e-03
4.709368176358443708e-03
9.424979477541471640e-03
7.121648181227593216e-03
1.209474814363861381e-02
2.407941097042837555e-02
4.788789192030853958e-02
1.331821881708842026e-01
9.018182236856901735e-02
3.073776057597639791e-02
1.964654585037827958e-02
1.290338231298607252e-02
1.134157479920621173e-02
6.843275916395608061e-03
5.724749862980364583e-03
6.703336617988321817e-03
7.237783512469732686e-03
9.544204466659487671e-03
1.105829767058793926e-02
1.959373753430500992e-02
3.180375931228897335e-02
7.079778611975802438e-02
1.526720635519420999e-01
1.480427734043991694e-02
5.867331071769203710e-02
2.378189289406783952e-02
1.616820222012024799e-02
1.363318588207581422e-02
7.648879935660706821e-03
8.641613711258750927e-03
7.565439408743359663e-03
8.241637302450676925e-03
8.739013886641132378e-03
1.207602529353150184e-02
1.989014937034129862e-02
3.019694306227996630e-02
8.214190536282861554e-02
1.619199190573082092e-01
8.079445390749591394e-02
6.086763301608470039e-02
2.456820269448394684e-02
1.799741624608441892e-02
1.384649293149379026e-02
7.696052629617052172e-03
7.566575290823251629e-03
7.677565486571487872e-03
8.297127624727635570e-03
9.675575522517529739e-03
1.217035064812455221e-02
2.016950818811672624e-02
2.767658697025869585e-02
1.402389970577303524e-01
2.790420986682577986e-01
6.356466999393466100e-02
6.096025278172736289e-02
2.376295749810956870e-02
1.715504971860531969e-02
1.309133706481968584e-02
8.071898582782618264e-03
7.371740633478448407e-03
8.151464689867554334e-03
9.032783368842920574e-03
9.626659117456326867e-03
1.208259225690602214e-02
1.995798236883608232e-02
2.838781546137122969e-02
1.113661449001573100e-01
1.211238226492388770e-01
1.746194373294927549e-01
6.042576150277008395e-02
1.961030180659393066e-02
1.484259508293199123e-02
1.197566888317737506e-02
9.366178026641889393e-03
1.101486236598379041e-02
7.149079867360887131e-03
7.714544003885927433e-03
1.021704115303629853e-02
1.092097316972346320e-02
1.999619015726051760e-02
3.084691415896758174e-02
8.618141728609003682e-02
2.547231187249633932e-01
1.300435618854048347e-01
6.511085970135806200e-02
2.517311065730262060e-02
1.418921745382214009e-02
1.410549985427578083e-02
6.796343201192851270e-03
6.604680739185279752e-03
6.753205003187192669e-03
7.906721185360305465e-03
8.411081635087193711e-03
1.002978482442229077e-02
1.970782931858901590e-02
2.785756375838592536e-02
8.278712749772264290e-02
2.172074455873584942e-01
0.000000000000000000e+00
5.604305163267282730e-02
1.386494554361686164e-02
2.668489323048735262e-02
1.312772092620251123e-02
5.613718133127203885e-03
3.826683018833897977e-03
9.406314234412922054e-03
3.867044872077786324e-03
9.602829718128419803e-03
7.468414393967187474e-03
1.886897802915190811e-02
4.044498962727457320e-02
8.947017186748118522e-02
6.644283025700141454e-02
2.586249466350601933e-01
3.775122043739496946e-02
3.258516095496676035e-02
1.859349509143963172e-02
1.342024599241463736e-02
6.216339853113910657e-03
6.714866846035344103e-03
9.808445612853516904e-03
7.660299741594728089e-03
1.247823741318232829e-02
8.550578972905464176e-03
1.998479222655978951e-02
3.092337390736194999e-02
9.665704474150380032e-02
1.039326961115198122e-01
8.473565659568169095e-02
4.009298673156391768e-02
1.783503618013580067e-02
1.696605048302024868e-02
1.666399026505187633e-02
1.398632786218685468e-02
6.138163565120632881e-03
6.050845303788842180e-03
1.267109626016627195e-02
1.264216741853457435e-02
1.430348514184097246e-02
2.822687647421235832e-02
3.396707081780851040e-02
1.010657148686650159e-01
1.076782551163550372e-01
2.396373248053465521e-02
5.398081661335535353e-02
2.797141260919164263e-02
1.896332963725548201e-02
1.712275597051003337e-02
1.162918064657381297e-02
9.218080741513808712e-03
7.447855075796337709e-03
1.400670779779040510e-02
9.862425887094562055e-03
1.394846486281021633e-02
2.453377673743740647e-02
4.163787227968187427e-02
1.097571960502420479e-01
1.726209866855159258e-01
1.908086894516011767e-02
5.478867645440255174e-02
1.966970221822983769e-02
1.683551492479235315e-02
1.618451082212999173e-02
8.991886221751364816e-03
9.349770147245757557e-03
8.970163798853321782e-03
1.456585250704007205e-02
1.019770382422352864e-02
1.230255545572694204e-02
2.647107371400493625e-02
3.672088599333791364e-02
1.042327677840539646e-01
2.661453121084651485e-01
1.006163137821006054e-01
5.219062558527890611e-02
3.090846944593042198e-02
1.766760168264867176e-02
1.597775278371480617e-02
8.313939017889794905e-03
7.888740521068745432e-03
8.332960848087848579e-03
9.528225265484016257e-03
1.160306318375043874e-02
1.406896008508305707e-02
2.191152375482059017e-02
3.068037453991690269e-02
1.000397927846033846e-01
1.701394582918616949e-01
4.477637608565067373e-02
4.406888754610010367e-02
1.850206664523728131e-02
1.674410149221172012e-02
1.440310987928057444e-02
8.015028700571693102e-03
7.441000302830467865e-03
8.622249828107822131e-03
9.230944416515524803e-03
1.019602170649813212e-02
1.383951765212042793e-02
2.177052380752378044e-02
3.373430666301002745e-02
1.165363060173499471e-01
1.841453050195528685e-01
0.000000000000000000e+00
6.995032823229113683e-02
1.728616855254430304e-02
1.721683191795400636e-02
1.204426712004347082e-02
8.726736546696834199e-03
9.504856773295069367e-03
7.948708908656428387e-03
1.059712466967415584e-02
1.011865296492587413e-02
1.086252684993524627e-02
2.073260373783448671e-02
2.653116841616895427e-02
8.777769267390524155e-02
1.188124616531388150e-01
1.487171374976675167e-03
2.489332318727610627e-02
2.620991977931442715e-02
1.423026681774606540e-02
1.015993158234279777e-02
7.010485450009825738e-03
1.388589310277617284e-02
2.658758813358383898e-03
4.917859229395544346e-03
8.519638909291388229e-03
7.486612142174135440e-03
2.753536099768912407e-02
3.377290999307375197e-02
6.090606828180268606e-02
1.133518825804119418e-01
1.146329118317531842e-01
3.586870342753900598e-02
3.070392431688222928e-02
2.017072457704728594e-02
1.492540348996095403e-02
7.078375226643828302e-03
7.853609048608002283e-03
4.645536611505641719e-03
9.260824092314570016e-03
1.110139558688321738e-02
1.193139265780392144e-02
5.090183309733790906e-02
6.219249696008685713e-02
1.275787474163407320e-01
1.884663551496360556e-01
1.113885029652194464e-02
4.473599788819244971e-02
1.694535541368455411e-02
2.400570544253181199e-02
3.414108655437211176e-02
7.599114993375304453e-03
7.056255116109429355e-03
8.892620678454924571e-03
8.005776292919307771e-03
8.179944350986826165e-03
1.496767054266954014e-02
2.989273946233282978e-02
2.538497065661911994e-02
1.390107402480246224e-01
2.446328429410690453e-01
1.502930534637877402e-01
2.480166972095323996e-02
2.613458919980449213e-02
2.808968400749362049e-02
9.164484073647661405e-03
8.461329279320695118e-03
1.402904423930474362e-02
8.419114080817380677e-03
1.035747174006357817e-02
1.254537438202914072e-02
1.042451733206896554e-02
2.390609418692036386e-02
3.473647240219162463e-02
8.157632070500843435e-02
1.520226910866090964e-01
2.591685809892274039e-01
1.088605091631104083e-01
2.060312700733156824e-02
2.401951576854895881e-02
2.501211627647850072e-02
1.005852850403330528e-02
8.989389497581287344e-03
1.212202366599959315e-02
8.244286636881221347e-03
1.146951894319526467e-02
2.049399202773686049e-02
2.566557766199952309e-02
3.933638955662883269e-02
8.123209175614011512e-02
1.158695660225510099e-01
0.000000000000000000e+00
4.979306073131279514e-02
2.222092999942197611e-02
1.717745954663803948e-02
1.399451244099426429e-02
1.113462656003709993e-02
8.712681662077930572e-03
1.170492686957108792e-02
7.952206953337209380e-03
1.178592620469978182e-02
1.263238535657494610e-02
1.795468617496904368e-02
2.336507756984650824e-02
1.099854480102687576e-01
2.008853277320989117e-01
0.000000000000000000e+00
1.222940424218180444e-01
2.179238348374174308e-02
1.720117520507048053e-02
1.195571964934953081e-02
1.139972420641922890e-02
8.313216011735907393e-03
7.523460264141456147e-03
7.293018801898115688e-03
8.848761510997745980e-03
1.204909036212275207e-02
1.956156553280841842e-02
2.823391234270788974e-02
9.148759086097442428e-02
9.382493073022088459e-02
1.512143971722939018e-01
5.099399703735330719e-02
1.248900663950625566e-02
1.703516287643375496e-02
1.058201750823860657e-02
5.970717457358978332e-03
6.780350368838687115e-03
6.858150376272889072e-03
6.841206600925526203e-03
6.503187718024178859e-03
1.058759664450579022e-02
1.692458618949578900e-02
2.356334695915539290e-02
1.134697626503916729e-01
1.270385109884709651e-01
0.000000000000000000e+00
1.127409035692562497e-02
4.889689592727355233e-02
2.611023138763836002e-03
5.593712871213058109e-03
1.310321028801890442e-02
6.544177000511234264e-03
4.930401421051604227e-03
1.245904319383092304e-02
7.475409203103535426e-03
7.312303851063261563e-03
1.018382354330114696e-02
3.365627270872853516e-02
8.787055622340141092e-02
5.568974982514561523e-02
2.044975713654879901e-01
1.749162276208434882e-02
2.040378149002242472e-02
2.502925359216533543e-02
1.666941910877790811e-02
7.167189733541292837e-03
7.111294023253888173e-03
1.105666917020433140e-02
8.605852539188585046e-03
1.496232042329445448e-02
2.007925079474960975e-02
1.366119387089507198e-01
2.931673500998906515e-02
1.466709898417517810e-01
1.120143633146688938e-01
2.418743216797502593e-01
2.447799125572851231e-01
3.477965197640059403e-02
2.357766753226982204e-02
1.183948563806715149e-02
7.538607789658800275e-03
6.943820895427839368e-03
1.104425160180737969e-02
1.222607269546460533e-02
1.190924080375509175e-02
1.085125888270453698e-02
2.170021299401766329e-02
4.359787904574310285e-02
1.272693888227959536e-01
1.123616114798730442e-01
1.317881379569840472e-01
4.070740763335190665e-02
9.293796908161826992e-03
2.866811398328356769e-02
1.572797616131519499e-02
6.376904534542215258e-03
9.619369150315786737e-03
6.739262058102668713e-03
1.646088587157872388e-02
8.153622482769960420e-03
1.846354307750427276e-02
3.188692188956301909e-02
4.583368628568499498e-02
1.018015491380241805e-01
5.597795010675332694e-01
0.000000000000000000e+00
1.340572799869913824e-02
2.399636735199529511e-02
1.618354007198852598e-02
2.068543511461137102e-02
2.013725239248273860e-02
6.856682318732824216e-03
7.022486906979538875e-03
7.861906638298292796e-03
8.920911727883243381e-03
1.177510780672176398e-02
2.196281819503942759e-02
3.430622670159880205e-02
6.221529200286758654e-02
1.152008764557244519e-01
0.000000000000000000e+00
6.694717970151421726e-02
1.281448062312755959e-02
1.217493485707972847e-02
1.792208930808267264e-02
7.830572214811700599e-03
9.660960310831096659e-03
9.597429290585735365e-03
6.461363379332786885e-03
9.715020000076700357e-03
1.425323003826904113e-02
2.225700920751272349e-02
3.072651141611786735e-02
1.108019889976754047e-01
1.196277682396539588e-01
2.977615649443617063e-02
3.530714672402240212e-02
2.977231195125728397e-02
1.405604192538862512e-02
1.311770803242385749e-02
6.823214601221713228e-03
1.072309708885238119e-02
8.540994866248801526e-03
6.735676342864915615e-03
7.497574724467986375e-03
1.760622968176955502e-02
1.887856690415123245e-02
2.264582018396873661e-02
1.982071313654354960e-01
1.787297100001270511e-01
0.000000000000000000e+00
6.291958628294580524e-02
1.148050176561715534e-02
2.113224943225694777e-02
1.128994121243736236e-02
8.313175150947751599e-03
7.406646877519563327e-03
5.801978018244433044e-03
6.672552824086378127e-03
9.496321959405466806e-03
1.065175367871912769e-02
1.330530108045759052e-02
2.548322444889167607e-02
9.105884815899747964e-02
1.013484925607125026e-01
0.000000000000000000e+00
0.000000000000000000e+00
1.683641582240778117e-02
1.855123756783975952e-03
3.372199627304017094e-02
2.653201734240326522e-03
1.511322530878514078e-02
5.262631910012218611e-02
1.195242681368421239e-02
9.003740397731885281e-03
1.635749015524787242e-02
4.036819364790833475e-02
3.754821188757459516e-02
2.131556140522920806e-01
6.623726031191298769e-02
0.000000000000000000e+00
5.952599034565798919e-02
2.546690655778981183e-02
2.244479205372334335e-02
1.834685486610027061e-02
1.664480672535068040e-02
2.957272763008629308e-03
2.039312002855484321e-02
2.409425049285142395e-02
3.296268587582737442e-02
3.267082520049322675e-02
1.617598223492422785e-02
2.258313963374298725e-02
2.593401341483954625e-01
1.243284005508525497e-01
0.000000000000000000e+00
4.025767307520042998e-02
2.394224066988754479e-02
2.449087551388579032e-02
2.427292984857712735e-02
1.979047821908405669e-02
1.051382771711729600e-02
7.591926857582916716e-03
5.920138792747046096e-03
2.747634602006900767e-02
1.048721710055965269e-02
1.623403429866894163e-02
9.279378472633099950e-02
1.440395500260506778e-01
1.933843279728467146e-01
0.000000000000000000e+00
5.667118212453039344e-02
3.604829224605583110e-02
2.597076365743281393e-02
2.291458070885237994e-02
7.541233863372506785e-03
1.002069165338129002e-02
9.121689456861717393e-03
9.696623359743252249e-03
1.694901045470563472e-02
5.802804819004205548e-03
2.914183580744142063e-02
3.105999622657709333e-02
1.137158502570480151e-01
1.372039386261935667e-01
0.000000000000000000e+00
4.574875369217270421e-02
3.134379209106838426e-02
1.229523326861675474e-02
1.313102084836891351e-02
1.033983027007099459e-02
9.474683256699832634e-03
1.483581089089202644e-02
5.061244385838723284e-03
1.834666914616525299e-02
1.149364899018739256e-02
2.291968671372376920e-02
4.426120253117875325e-02
9.674763494818981735e-02
1.087242609261424159e-01
0.000000000000000000e+00
3.883876755782326301e-02
3.356673385371646695e-02
1.650066361562741932e-02
1.945197167664180007e-02
8.367320446856766139e-03
5.374954263096592619e-03
7.486958176025116513e-03
5.573407490409135884e-03
7.572577641332334068e-03
7.479541874799674681e-03
1.291712650506746107e-02
2.317849867304523637e-02
8.432832471719602097e-02
1.119446830929219233e-01
0.000000000000000000e+00
4.107657054815213454e-02
1.492435242763072781e-02
1.689600481521430844e-02
1.093221053784120510e-02
4.741152873223528422e-03
7.143446252870424597e-03
4.924968613146076500e-03
5.518023144791564527e-03
3.984344155923943802e-03
3.654970173243857201e-03
1.765405973920449595e-02
1.887375318435076388e-02
7.312030078218276219e-02
8.993204577881987183e-02
0.000000000000000000e+00
1.698972247657008772e-02
1.738398870057759546e-02
1.523447876538836475e-02
7.707435031866059598e-03
4.526802959962650079e-03
5.749488740685503897e-03
3.061176921579763979e-03
5.584040771548978536e-03
6.523322804678093924e-03
6.160253002707893888e-03
1.360652212790549806e-02
4.157280784020299380e-02
4.588944867881574602e-02
7.090483543897931062e-02
