1.530661096678439040e-02
1.826964867401173476e-02
1.027273145945834104e-01
5.610289432704219925e-02
1.655357101772773065e-01
1.317424095894248193e-01
1.220463811662998027e-01
2.121881445786690801e-01
6.575079848257750492e-02
4.376063587151576145e-02
2.252485782184912300e-01
3.225144015353599292e-01
3.940205707049532213e-01
3.805752558409944419e-02
2.428728257518535452e-02
4.175363211547956227e-02
3.124906787528913266e-01
1.552150090625886714e-01
5.472475681452042967e-02
1.821631887296258079e-01
2.455877686128845327e-01
3.024031491716990261e-01
1.810757222695119906e-01
1.837992223402496184e-01
3.644625875314598806e-01
2.203285834431377432e-01
1.745400535823531663e-01
1.646462434119821683e-01
7.759442444282178553e-01
9.512387864944732430e-01
1.533444137237713334e-01
4.491757811919020460e-01
2.080533277764221034e-01
1.561944771391595432e-01
3.076940697385326384e-01
4.818220153078158763e-01
3.165061486069414842e-01
2.673346172840055934e-01
1.924526559199234710e-01
3.092153577327891312e-01
2.608147467910807427e-01
4.583105127164455728e-01
7.119339316520394423e-01
1.941412610480187373e-01
5.495477002283054996e-02
3.195095066314015964e-01
1.056787304266210842e-01
3.066404248568956881e-01
1.734391295959085977e-01
2.110177077300639248e-01
1.996506618168379932e-01
2.367297288455433857e-01
2.126078127181099120e-01
2.312911717389343202e-01
3.926740901773969616e-01
3.101496789441373636e-01
2.076752200064164722e-01
3.303850538292065764e-01
2.204874834119781302e-01
0.000000000000000000e+00
0.000000000000000000e+00
4.046647177962700015e-01
2.295216023201986921e-01
2.075323595997979609e-01
2.205766353083204734e-01
2.174188237589898542e-01
2.956263895054644930e-01
3.039341482920662751e-01
3.220846433879672177e-01
3.553713023514626368e-01
3.942681695602590075e-01
2.759502074923025350e-01
4.025576337182256714e-01
2.906398724547211709e-01
2.215451212823712213e-01
0.000000000000000000e+00
2.268943016194338025e-01
4.665709534907667710e-01
4.256639507261068545e-01
3.872197203137223154e-01
4.285409965529204945e-01
4.484072701787644721e-01
4.874737942289299464e-01
3.413007927439075107e-01
4.482124406713700604e-01
3.093077574745679570e-01
4.289665072735275864e-01
4.544217449596811287e-01
7.768823519480807516e-01
1.412327962718046059e+00
4.192829562804595844e-01
3.259241404734116165e-01
3.213299989850313954e-01
4.338447976807920936e-01
4.108795444635146565e-01
3.952606014145897961e-01
4.115966762114815491e-01
4.528512117168732587e-01
4.596835547018542356e-01
3.971568554874883028e-01
5.005717736106300997e-01
4.682028153747977428e-01
4.628602403726406189e-01
1.048638106671669457e+00
9.761536668617366574e-01
0.000000000000000000e+00
3.871950130193437811e-01
4.209581896070498375e-01
5.628622242002079279e-01
6.042562107548080652e-01
6.788124346230821615e-01
5.491486572519257425e-01
5.731791078800467787e-01
4.959735014081312343e-01
4.497588909127974710e-01
5.560767242879898209e-01
6.148215257661761024e-01
5.612304398815378681e-01
8.142487893954942768e-01
7.031830975144740536e-01
2.898584775113751191e-02
1.056218259912716784e-01
9.587094325993787691e-02
2.276706894460224506e-01
2.738714533284030139e-01
1.366133068480343826e-01
4.438589105998958506e-01
1.900569692157688395e-01
7.782075984273664204e-01
4.090387079557472605e-01
1.166788559005116910e-01
1.078902256760087414e-01
8.163769135981485681e-02
5.732487785930041879e-02
4.479672120565729165e-01
5.628156541314170008e-02
4.994463349057027268e-01
6.045893054045774484e-01
1.564895507089512916e-01
5.443699524807124046e-01
1.850955970414610852e-01
3.537086926432112532e-01
2.427609863091209907e-01
5.847196506409242378e-01
3.323716329332574992e-01
3.256553098434712412e-01
7.304295446763329203e-01
3.358599714540879133e-01
4.463027950261381216e-01
7.768075140075600404e-02
0.000000000000000000e+00
2.875926486901614898e-01
1.036708828380873193e+00
3.246082321162002682e-01
3.171391844842955665e-01
2.850682456447037327e-01
1.966507460179495181e-01
4.978488219995602093e-01
2.062084690419295485e-01
3.881951866236698079e-01
3.322429682399916095e-01
4.125253505742163540e-01
2.271171767681562370e-01
2.980406520637329248e-01
8.249599825155549959e-02
1.585478390860476372e-01
3.640659850662018582e-01
2.108439571725377604e-01
3.862823586094485395e-01
3.318211900232878597e-01
2.923862086338326338e-01
3.418404167940677363e-01
5.148861923878002012e-01
1.708639534243293900e-01
3.178817003605531877e-01
5.975430370549469350e-01
2.593275232619062232e-01
5.222315044414278518e-01
3.424634391791534505e-01
2.798751608313784778e-01
5.050962715259901259e-01
3.323112675509625746e-01
4.171464944643155648e-01
5.126852118517879475e-01
4.713170542338539493e-01
4.047241921497134465e-01
3.833052718083996835e-01
4.323358356098810917e-01
4.683621865611547475e-01
5.657084741263831429e-01
5.659955915906669244e-01
4.494336731855852474e-01
6.282324882533191213e-01
4.469032257197139701e-01
3.463585353133677991e-01
1.056140756921777779e+00
5.908560811490272124e-01
5.053139327821309923e-01
3.679797477386502202e-01
5.938337688059929231e-01
6.177404174992808805e-01
4.543247363435368169e-01
6.797796676924852122e-01
4.604599567976955243e-01
4.593110432935605947e-01
7.709789163905464981e-01
7.467014286353857999e-01
4.611646647951253009e-01
1.154506024929841779e+00
5.766805810066507609e-01
3.497958046221042450e-01
6.881611895086203745e-01
7.711459460637785090e-01
6.603182561137298512e-01
5.859021661415636517e-01
8.014019706921917674e-01
6.318950873252704437e-01
6.223969633192775186e-01
6.983693421520617006e-01
6.859087171723656784e-01
8.704690948184228283e-01
6.511744812627348056e-01
5.789733685098168436e-01
7.924023457091401434e-01
8.795765661384769007e-01
3.204038925054253917e-01
6.978755914206169475e-01
8.045086775506762322e-01
7.330764638814681877e-01
6.495412398149614797e-01
9.261277066336940367e-01
8.418152154028031298e-01
8.667221690188837702e-01
7.584572148019105287e-01
8.324651622143095508e-01
6.895593803829522805e-01
1.093758082129569376e+00
7.892984469222147359e-01
9.338158627869904693e-01
1.125657936493688949e+00
4.149804149533144193e-02
4.792062832159228736e-02
5.999075872763662831e-01
3.163249983874609206e-01
1.433485681458516459e-01
1.952484989721547382e-01
1.637331355033475599e-01
1.388598731692419486e-01
1.303831122459724878e-01
2.026955937302406530e-01
3.804473026929116042e-01
3.063354858289483729e-01
1.505861945415856995e-01
1.005646862823602605e-01
1.108599949226950210e-01
1.898586168175674799e-02
2.648390385775548639e-01
7.774649199010743583e-01
1.595056273909429556e-01
3.848943127527493235e-01
1.751435935370619645e-01
4.509433547339123383e-01
4.604824262491995501e-01
2.330839156965990866e-01
4.199719497936065249e-01
1.144478569370310783e-01
4.508369050945646439e-01
5.165712450545412171e-01
2.431425022718021745e-01
5.258895641798044807e-01
2.408608579527318494e-01
1.023370772877170015e-01
2.077707645805100256e-01
3.890753941832342244e-01
1.796326961484315810e-01
4.973468448021158839e-01
9.988501194642285252e-01
5.111873246632938628e-01
5.069730685718825125e-01
2.667593553880314161e-01
4.788477338192734800e-01
2.033055776123103564e-01
4.949967573026667345e-01
8.691164923030010314e-01
2.247321872927963149e+00
2.420131051077007434e-01
3.577754101461919634e-01
4.253892678741951761e-01
2.085962217380059325e-01
5.420184137103406519e-01
3.917793094478702609e-01
7.669845946013736926e-01
6.485032401785492118e-01
6.762260398783654924e-01
1.031490862726271773e+00
6.466392062435176724e-01
4.254773499972504536e-01
5.351867914681185390e-01
7.737735521445590070e-01
5.552183321223365109e-01
1.698486899724436672e+00
3.967091795255418551e-01
6.189865754447296808e-01
7.713488853369842024e-01
6.210989483077488105e-01
1.024890372057259080e+00
1.107787584798100244e+00
9.492097372628226504e-01
6.455809181577962796e-01
9.190382094212178332e-01
6.116031492947376913e-01
8.663187704716134308e-01
7.781347874558122157e-01
9.617812787186316159e-01
3.567051335070172247e+00
1.562902842457679631e+00
4.353520924873146014e-01
1.212693387837411096e+00
8.212518931372755349e-01
7.068697931585209426e-01
5.452053457926313573e-01
8.677649889834754271e-01
9.590670771055794797e-01
9.765311483580435548e-01
1.247748735439880852e+00
7.819244359202597305e-01
9.253592481454978591e-01
7.376059421716731901e-01
8.045134220082142962e-01
2.183507438535998268e+00
0.000000000000000000e+00
5.452253198273149248e-01
9.547669029344193481e-01
6.903121811264444352e-01
1.064560117051743360e+00
8.861218813978901654e-01
1.064605936300660582e+00
1.113951859417627199e+00
1.062702231398428898e+00
9.786539819179360666e-01
1.042816808381671345e+00
9.950387067883256220e-01
9.656378549846089676e-01
1.472760348448436396e+00
4.459439163033279696e-01
0.000000000000000000e+00
2.241602183508997648e+00
1.409616637470469724e+00
1.132034619982476231e+00
9.653237463285011533e-01
8.966914343414775779e-01
1.271430438694897358e+00
1.106434590799831419e+00
1.395654891022490407e+00
1.062572729989480269e+00
1.198071414566338255e+00
1.265663246480619897e+00
1.481455812613778678e+00
1.063186272195645099e+00
8.616893141500806541e-01
5.503451566383560367e-02
1.125408037146546220e-01
4.107004135904254727e-01
3.139998036793734681e-01
6.637095093107641119e-01
2.253304252135619745e-01
5.302636465943498800e-01
2.584680728711609699e-01
2.952751630218217738e-01
6.197210686870484597e-01
6.692958014877364858e-01
2.179138577301010238e-01
1.294835333518033482e-01
1.704634275066608806e-01
1.262930443034453176e-01
7.089539477549778868e-01
1.516013261654404198e-01
1.381092624967958926e-01
7.539748499210788824e-01
3.168140290230839762e-01
5.382143835023135425e-01
3.499629840022105975e-01
5.877680653945334122e-01
9.336250232825321627e-01
4.124576358186468616e-01
4.525706293991592633e-01
4.940117863511051532e-01
1.991543708204768226e-01
2.320126177063382145e-01
3.077290044105925881e-01
0.000000000000000000e+00
2.785693803057490148e-01
3.453415773746281725e-01
3.339840008087013867e-01
5.435829615602268960e-01
5.623949202102227485e-01
5.713393801684245599e-01
6.673050150203618802e-01
7.460957373622587596e-01
2.993942684358229522e-01
1.017943014734803864e+00
6.255016492238844039e-01
8.332971735279576242e-01
4.360509950217045794e-01
1.286128018078956714e+00
9.640776896859816203e-01
6.566699643033637734e-01
3.845626838728810615e-01
6.871807917902705842e-01
7.467987839277147044e-01
5.988942464672628585e-01
8.857038329521376152e-01
9.280572549417156480e-01
1.138308540590029505e+00
9.076341928326625563e-01
9.156445282427908561e-01
8.769872660539205222e-01
1.168955348377787029e+00
1.054635110045205826e+00
1.000050113056030199e+00
1.376673119086142760e+00
1.058958994352835692e+00
1.341989617649642197e+00
8.718634225805437232e-01
1.013400388847910838e+00
1.010900654927429976e+00
9.815507506848634156e-01
9.184286844853432052e-01
1.050838205303679107e+00
1.081232744895635811e+00
9.272845102582875088e-01
1.019481410323241910e+00
1.067488718371485845e+00
1.360197500777548640e+00
2.165125905562503839e+00
1.875609292988061894e+00
1.009615692234178574e+00
1.066571642750065330e+00
1.224715790821905292e+00
1.239989214743694390e+00
1.523970609053297176e+00
1.371453743829165406e+00
1.419720827818403697e+00
1.218258506899484228e+00
8.957672554087324768e-01
1.728018034895794086e+00
1.939061221590061779e+00
1.109564070815276970e+00
1.671212649481905510e+00
1.069750260402877240e+00
7.943541508603446655e-01
8.556869798407845673e-01
1.371211979063021058e+00
1.066274545289101150e+00
1.328530882686174364e+00
1.035456242240523572e+00
1.954544893986223109e+00
1.918689031303954629e+00
1.506794202753120704e+00
1.530847462538102999e+00
1.760647072147079939e+00
1.649130671736006137e+00
2.113827758021352032e+00
2.128984889399801794e+00
1.899199212780538382e+00
0.000000000000000000e+00
2.564953419153340075e+00
1.134843156010347354e+00
1.622726052020663223e+00
1.438760196076049436e+00
2.208966884795826147e+00
1.633550976118783638e+00
2.088340749926746120e+00
1.749535766041800500e+00
1.958587773934827858e+00
1.906936365439034109e+00
1.759503835497548740e+00
1.793260823118608238e+00
2.579425964708321306e+00
4.902008821255988913e+00
2.578201741732916830e+00
9.728604790470980479e-01
7.336875293607059145e-01
8.314123870373042458e-01
3.548481702552321315e-01
7.784237386298947792e-02
1.918110636221065368e-01
4.754077777942782301e-01
6.978608236605332582e-01
3.533037556806523649e-01
4.379728524283767466e-01
2.554259340674372436e-01
2.045119764925570904e-01
2.350208856072860009e+00
1.281911778386627843e+00
0.000000000000000000e+00
5.008498907196822225e-01
2.721374455126582825e-01
3.295516039395451346e-01
4.904297769423085485e-01
5.980155829376317955e-01
5.172770036214972000e-01
6.760563385102785761e-01
6.959658881036455691e-01
9.420369532980679139e-01
3.633346611050193298e-01
4.119718212334711471e-01
1.353985393705931406e+00
8.131758145878946742e-01
7.406122061639663912e-01
0.000000000000000000e+00
6.840890150458373009e-01
6.127912868425056114e-01
8.358510234414492368e-01
1.111278576965934572e+00
1.016205308490774728e+00
7.517207600368948084e-01
1.130685140454929627e+00
1.181579954458543913e+00
7.556479647267747568e-01
7.924694341658626850e-01
1.184411027285450668e+00
1.063415005383246736e+00
1.407533544794801417e+00
1.771857023675388054e-01
0.000000000000000000e+00
3.929264369541269897e-01
9.399543732933265394e-01
8.317515348593680358e-01
8.199048260952481737e-01
7.273790026679123333e-01
9.802652695862915655e-01
1.467127440091703150e+00
1.351178202876649026e+00
7.902906192476738534e-01
1.591608070683498299e+00
1.260971419034341290e+00
1.092998361034435817e+00
1.482890790946479020e+00
4.028991327724704696e+00
1.078382344006517002e+00
9.669436374590878458e-01
1.371808846529866122e+00
1.036617729519474951e+00
1.870686914170327286e+00
1.689281691000549701e+00
1.472997117667319777e+00
1.442383968864970667e+00
1.564024502655873450e+00
2.142290837018833383e+00
1.479534469876127245e+00
1.919832567341931417e+00
2.463654264912792158e+00
2.764467503416226712e+00
8.357958458751313380e-01
3.553050612679438558e+00
5.302683830561550904e-01
1.119264715839643598e+00
1.801053282812399070e+00
1.601647813232023099e+00
2.065348767447063860e+00
2.216617109905976601e+00
1.943429133106499007e+00
1.887378009543670743e+00
1.981499394519712132e+00
2.149353829850490172e+00
2.139268720846347005e+00
2.057621831910619203e+00
2.327399659786512309e+00
1.228731529420596935e+00
4.474213737365706933e+00
1.583846106566691114e+00
1.783354530677141669e+00
2.180410440828689733e+00
2.326502946573190123e+00
2.171796753736374264e+00
2.540004121854410268e+00
2.459273691265817074e+00
2.376192663049632170e+00
2.195514756704528558e+00
3.331197593299282556e+00
2.652536479099908640e+00
2.987466580070599065e+00
2.785364333926946490e+00
6.163712012548364427e+00
1.464996855704462808e+00
2.340087441990323036e+00
1.999985144296899442e+00
2.532822761735530115e+00
2.927349849743178911e+00
3.203400255254043039e+00
3.333902232183093339e+00
2.817114174428898554e+00
2.904018196831292808e+00
3.010674891859788094e+00
3.233967351954743830e+00
3.209467392399264263e+00
3.775631833419838657e+00
3.289827102003228809e+00
2.258486587572297477e+00
5.169498005764223691e-01
5.082368990498623527e-03
3.600198189580712804e-01
2.569039642993192207e-01
2.422311703098183056e-01
5.477834208094323198e-01
9.771528342996249616e-01
3.933510125677779912e-01
1.115798836333550037e+00
4.824424757879169356e-01
5.100489553294689227e-01
4.450253082644451408e-01
1.274634952059861659e+00
7.638968911240903159e-01
4.826375134537472800e-01
2.300149226460597163e+00
1.045981413419032890e-01
1.573778137257588750e-01
5.367921133111037690e-01
9.390698099938687982e-01
1.257863534689273255e+00
1.055948337771504431e+00
8.205292564761867968e-01
8.774716455779918434e-01
1.578222665525339297e+00
1.345792758602026851e+00
1.158586728660514487e+00
7.704477300577745602e-01
1.357706964580757347e+00
3.986824536537704189e-01
0.000000000000000000e+00
4.063465533445063671e-01
7.292662853890211627e-01
1.748917077029843226e+00
8.247876298890778335e-01
1.819412822714639777e+00
1.356982310179091433e+00
1.577567664764074395e+00
1.151725673867781019e+00
2.080594007435027759e+00
2.136967614150274919e+00
1.683780900380443590e+00
1.826740572356432279e+00
1.502970533672992159e+00
1.882756678106473514e+00
7.517972073283039069e-01
1.157908042969310491e+00
9.924237369718854618e-01
1.411387714040175601e+00
1.479865110875529188e+00
1.714469206255638367e+00
1.684345660140616596e+00
1.411323886929639837e+00
1.736485529851752307e+00
1.899881556632897261e+00
2.687751036295527030e+00
2.217776069934926930e+00
2.040252847886454113e+00
3.154040598427312769e+00
3.976895109145746510e+00
4.486569442061229651e+00
9.452542031090579444e-01
1.724916186773321147e+00
2.369094242761686342e+00
3.068359784512608712e+00
2.544985192391868267e+00
2.329431290756714734e+00
3.084452082871314893e+00
3.207803087912404649e+00
2.534510628804682586e+00
2.778747520322406572e+00
3.171877797827492351e+00
3.037215376017879276e+00
3.281911527173689169e+00
6.559002174985307576e+00
5.834416821627759653e+00
2.043238794254574664e+00
2.012212138862799815e+00
2.532289849978672347e+00
2.344192306943593707e+00
2.381176094110084129e+00
3.597143787391040348e+00
2.939730844955590339e+00
3.760013372765412587e+00
3.498220723941221966e+00
3.914770933174092971e+00
3.269239935869967084e+00
4.199897469605166300e+00
4.228575730740603333e+00
5.479204007870914772e+00
0.000000000000000000e+00
2.534013537917346959e+00
3.097362440094414637e+00
3.264219225076560704e+00
3.383679694150515616e+00
3.208879119791874679e+00
4.160240201914345626e+00
4.236515959019676814e+00
3.443797626466627015e+00
3.854644891000452045e+00
4.233329536656086134e+00
4.524335413545666817e+00
5.364791594243607520e+00
5.319578274465879275e+00
2.518156730726431203e+00
7.620221976082484083e+00
2.131735955750473810e+00
3.397392826532736887e+00
4.783200374342101213e+00
4.003623224984550255e+00
4.192272377852981791e+00
4.449598742929730122e+00
5.023388337102588252e+00
4.754432760196700691e+00
4.855810813051782304e+00
5.037636821689866373e+00
5.753967088733946689e+00
5.354224062361296888e+00
8.072445667916928969e+00
5.750209698259213908e+00
8.668157741391635085e+00
4.571076251663802603e-01
2.797359844437400378e-01
7.135177220358823735e-01
8.983552411004905869e-01
3.267414146623116578e-01
4.513519440070181687e-01
4.057542971913443708e-01
6.714568553169713017e-01
7.903915767787442759e-01
1.134858185776322026e+00
4.429643508973226118e-01
2.274426118900561844e-01
1.719887977905672605e+00
1.046597698334363197e-01
0.000000000000000000e+00
3.877451680617737262e-01
1.485615841195843334e+00
1.013560108378270153e+00
1.302651751462545304e+00
9.055626258935255413e-01
1.754133969606490595e+00
1.361059560252577461e+00
1.353348541054324450e+00
1.021074185174047910e+00
1.675553214741437813e+00
1.906122838422238397e+00
1.667657674174960691e+00
2.835008766698262850e+00
1.445900986811683442e+00
0.000000000000000000e+00
1.377718802639530171e+00
2.068211062713650517e+00
3.247078812781023949e+00
2.165954134434276757e+00
2.210013509308888846e+00
2.222706613759845684e+00
2.672350629168428249e+00
1.939126371158306439e+00
1.460415095518257766e+00
2.508070778208007834e+00
2.589297184665201979e+00
2.329717785130163588e+00
2.508868929015517057e+00
1.020859827959973032e+01
0.000000000000000000e+00
1.589190625509067534e+00
1.747277951880433111e+00
2.648756558767601632e+00
3.041995580521516640e+00
2.447669906435933296e+00
2.985430070238449307e+00
2.575679906555904175e+00
2.673572205064177254e+00
3.297679656258931224e+00
3.526580789606311495e+00
3.626240840277004107e+00
2.880187827269775624e+00
5.287519757823859301e+00
1.208835632310794050e+00
0.000000000000000000e+00
3.563377489358100725e+00
3.535202362223894834e+00
2.460634797918847205e+00
2.961176335657065284e+00
3.639923823667662983e+00
4.072398064477836144e+00
5.014083167893226722e+00
3.827235456526671964e+00
3.777766933862134024e+00
4.542441043057539041e+00
4.707435120869248202e+00
4.751208326196906029e+00
4.989904155893813531e+00
2.494713715099197149e+00
2.754958123561988881e+00
3.070451629844344499e+00
3.752055686453245276e+00
4.199502223675242618e+00
3.958894775814326472e+00
4.569710512186883733e+00
4.472914989804663399e+00
4.644746409969140011e+00
5.769647452928446718e+00
4.762249875466285864e+00
5.954373089719891432e+00
6.160643770954375320e+00
8.527294612655891726e+00
7.353261718970344418e+00
3.379775322406918470e+00
2.206509611517381231e+00
4.567977944993810269e+00
4.220731294986221904e+00
5.480229639856315949e+00
4.530723202886678180e+00
5.156939614254311799e+00
6.011466673226413704e+00
5.740020182110352920e+00
6.292624330131486587e+00
6.607619401295581341e+00
6.630141148603937218e+00
7.031884164082270239e+00
7.176049833092020158e+00
7.532601540852929212e+00
1.069164734665040584e+01
6.149720910743036173e-01
5.552263855110547652e+00
4.953535976202468660e+00
5.603706848590121581e+00
6.127047379165998287e+00
6.016393115890859455e+00
6.732253454282151495e+00
6.623951951406108485e+00
7.473889031935765814e+00
7.417386075697204539e+00
7.924229813883458817e+00
9.203625624225564295e+00
8.170549241973406041e+00
1.165900994770080601e+01
9.223628740166642359e+00
0.000000000000000000e+00
1.268761499734280429e+00
2.920141123229708091e-01
2.522778896574673912e-01
1.001849549452184851e+00
9.659273209777878844e-01
1.036285774040291763e+00
1.216591907091999492e+00
1.476685908896900434e+00
1.311686703099526508e+00
1.263380913998089161e+00
7.965817210238554935e-01
1.899186252066115799e+00
1.409412589828553664e+00
1.359996068369973443e+00
0.000000000000000000e+00
1.460963831678719238e+00
1.133983703728766113e+00
1.103169397158643372e+00
1.373702901179090885e+00
2.125011200227806984e+00
2.212527272345141682e+00
1.110693915409541432e+00
2.302636415171187334e+00
1.971279949110886331e+00
2.225342879777716831e+00
2.733347028308749316e+00
2.309506249537134348e+00
2.106930795968827930e+00
2.486788928915239616e+00
9.592882747870661309e-01
1.637164940230965815e+00
2.945140778069144538e+00
1.315845972816257481e+00
2.401348003231310813e+00
2.536822712293504534e+00
3.831801623832697512e+00
3.326440534350101341e+00
3.611873031144785973e+00
3.680801659158092765e+00
4.147027326769316069e+00
4.625419437202022976e+00
5.520246499066361778e+00
5.145358335070703504e+00
2.690227506469420327e+00
3.464670408561346004e+00
4.545747864467828414e+00
3.870459375957825188e+00
5.054236330666569188e+00
3.805145595257167113e+00
4.168846614516253268e+00
3.940780923335577501e+00
5.129795815937384873e+00
5.308265626896579548e+00
5.658739794404174184e+00
4.755617411242921477e+00
5.845079601944513037e+00
6.708581253083700346e+00
6.954377315319534958e+00
1.389033102767899308e+01
1.906081639112293002e+00
4.305891476647492944e+00
6.856912066485301160e+00
5.947237727905698712e+00
4.633772722854176074e+00
5.709820911429265067e+00
7.182988523738854880e+00
6.596062516250388086e+00
7.310889967427213421e+00
6.451026888133026382e+00
7.157349013098129653e+00
7.840474607744860158e+00
7.106209338701973799e+00
9.491670610450706036e+00
1.380062819480986036e+01
3.346613388886416018e+00
6.447746690465871566e+00
6.690001263656292885e+00
5.350362438236134999e+00
7.572060066629363817e+00
7.647319542828598493e+00
6.307419501322987010e+00
7.999955995383002616e+00
8.156378247296061090e+00
6.707355285962578684e+00
9.842755055700894928e+00
1.034072303430235529e+01
8.130333401269790983e+00
1.217883258735903773e+01
1.744259416822809072e+01
3.342907149114801690e+00
9.095791433911562862e+00
7.822256543971239040e+00
7.303767168682368194e+00
8.542424179451003852e+00
1.001547567706008124e+01
8.860261629351233736e+00
9.444857751129134726e+00
8.670025664729358539e+00
1.125593323631493625e+01
1.120816503572900835e+01
1.094650917647423682e+01
1.136415736386100939e+01
1.608835902987468458e+01
1.682553655772132473e+01
4.012602454340742142e+00
6.580119168999913448e+00
7.438245382455692223e+00
1.019840365339908672e+01
9.478610135435426187e+00
1.026176913262962920e+01
1.044673982247952182e+01
1.208022690385918629e+01
1.220216180297208197e+01
1.317827701644675287e+01
1.431322820041034660e+01
1.559039406213464929e+01
1.411015627036473852e+01
2.268593292301814657e+01
2.304738729556475363e+01
0.000000000000000000e+00
6.352744750656028616e-01
4.578946391860158061e-01
1.166081504715182460e+00
5.964618347815195953e-01
9.651808119609224246e-01
2.294696546038933249e+00
1.212608875985869528e+00
1.797000452089368538e+00
1.743561327611727441e+00
1.906173133333131098e+00
1.382837539788481118e+00
3.269434981144146768e+00
3.227123969076342913e+00
1.306104668869316754e+00
2.091980863098299448e+00
2.373230312119230412e+00
1.518075642440664508e+00
2.121811478468738965e+00
3.531012782554778351e+00
2.909474138081020733e+00
2.013537418118275024e+00
2.694003606196015088e+00
3.333418415388434308e+00
3.597700299528125090e+00
2.704114656476956480e+00
5.361945348216509366e+00
4.195531110254457019e+00
5.153067521581552235e+00
4.585851770991069998e+00
7.970585714111512843e+00
4.119223331549281220e+00
4.546623809364686686e+00
4.358509153524114943e+00
3.943746353019780049e+00
5.702189157671746500e+00
5.068015526626869161e+00
5.843489824825398138e+00
5.521319618912991167e+00
4.193304230759273388e+00
3.010302657365599099e+00
6.994813477370914079e+00
5.572362869502339500e+00
6.657966724074889875e+00
4.747868535606990292e+00
0.000000000000000000e+00
4.665932755745112459e+00
6.930408786593846848e+00
5.135695426730224611e+00
6.989026982041437464e+00
5.968294376202106122e+00
6.761328485063380356e+00
7.496709344902722449e+00
7.139977669439503849e+00
7.763665574319210450e+00
1.024438996872650698e+01
7.704501579787196519e+00
6.819911452914077188e+00
1.267384556067152168e+01
1.369266156497086762e+01
5.040623382646840511e+00
5.796357584427309639e+00
7.962587116160269041e+00
8.080992480724335181e+00
8.483393996648867841e+00
8.996204405900368073e+00
9.678314917868869216e+00
9.021492035303305457e+00
9.711165489884448832e+00
8.620225952232429378e+00
1.281876408134208845e+01
1.048704163813063239e+01
1.219952877816651871e+01
1.340753294825478648e+01
9.871678157554541144e+00
1.822023693827482660e+01
1.005565020469237503e+01
1.046714446850149827e+01
1.026974523542049589e+01
9.880931398231172835e+00
1.074886479326764643e+01
1.275297510136658552e+01
1.412242779442989260e+01
1.543572745536119761e+01
1.317067073418537859e+01
1.249113131691135337e+01
1.612870250511039671e+01
1.506448642635874435e+01
2.029854070456680759e+01
3.326829639394100013e+01
3.266568560097093954e+00
1.183041449006302592e+01
1.255735548014939695e+01
1.098776896932398373e+01
1.269135333884236694e+01
1.362078562219459776e+01
1.502088769858433004e+01
1.655301419737879698e+01
1.621581776605992076e+01
1.749064165627841660e+01
1.882066050968342452e+01
1.877474357259346149e+01
1.921813101192458717e+01
2.699479082580507949e+01
3.466295605709022709e+01
9.178421101722376463e+00
1.390718712635599097e+01
1.470843063274666207e+01
1.590716488308838628e+01
1.497305042010062159e+01
1.642615170820307924e+01
1.776177506996439348e+01
1.825007226466427568e+01
1.988347872001682504e+01
1.879549053967982530e+01
1.948648782881540242e+01
2.353687329516915128e+01
2.516454257841082409e+01
3.127055671161051364e+01
3.469475692296459357e+01
5.025967810220780763e+00
1.272612890600939073e+00
2.671430706663378452e+00
1.281028130513715446e+00
2.692957138098983183e+00
1.483123003612607294e+00
1.895955292043483453e+00
2.382793982616226991e+00
2.688185571702379040e+00
3.219371690683810350e+00
3.908296422318445096e+00
3.242858690682271394e+00
3.282304941178716629e+00
2.650805198100787408e+00
2.790745760452468804e+00
0.000000000000000000e+00
2.498145415548642223e+00
5.488766398373437383e+00
2.612768199763637611e+00
4.797551288329964692e+00
3.112404152339922181e+00
5.473219868428906842e+00
5.576504641247758798e+00
4.053523558474066313e+00
4.706415349996346364e+00
4.988069780787432350e+00
5.704892296755943448e+00
6.783976680592787467e+00
7.364894549667988954e+00
9.151023230989697055e+00
6.921938438057698484e+00
8.726310432748148216e+00
8.708571829404105458e+00
5.403775723140375575e+00
7.526813202148444404e+00
6.648281819203802456e+00
9.241999598674150107e+00
9.307641475341011272e+00
7.268185416779311403e+00
8.034715706657930667e+00
8.258079417152377033e+00
1.101684320441049714e+01
1.099252220123280210e+01
1.507082087999777542e+01
1.351862297433150140e+01
4.220171483178760674e+00
6.261634229451596312e+00
5.951722931409311634e+00
9.832407022517996253e+00
8.457821955466926056e+00
1.120371349403103345e+01
1.249920803821328086e+01
1.279147928663282840e+01
1.219452485259082053e+01
1.267781087849457577e+01
1.056015061373171271e+01
1.404961208633720382e+01
1.638084723084757854e+01
2.226933328468286177e+01
1.603363102235065440e+01
5.519302194964137875e+00
1.362091155849861579e+01
1.357286564169487697e+01
1.497885736813389990e+01
1.486940961678126172e+01
1.500854111924316570e+01
1.623509630780544910e+01
1.577980740761719680e+01
1.769235124911465107e+01
1.785078704729084720e+01
1.839723544902357588e+01
2.095686950523237968e+01
2.333745317528927998e+01
2.231544382354900691e+01
2.023652291004732717e+01
6.224951908588613136e+00
1.524372984443162871e+01
1.472319984512958868e+01
1.631957719870906232e+01
1.899310566933457878e+01
1.756566349823637907e+01
2.023420182701117298e+01
1.923294463040013014e+01
2.245042743995422541e+01
2.193133897406163513e+01
2.332473125120628410e+01
2.417584345147763969e+01
3.024549366304076514e+01
3.865659279603560350e+01
2.951576827502693945e+01
2.191129499721459695e+01
1.728123505302471230e+01
1.656325658667546818e+01
1.797113607223501219e+01
2.023529147305449882e+01
2.429263967152463266e+01
2.410226641960857918e+01
2.698659138890288034e+01
2.498303772295830782e+01
2.604289821221046708e+01
3.097143711547035494e+01
3.292855778439620451e+01
3.459901120346089698e+01
4.315810675862379497e+01
5.986809702367564512e+01
1.638657224003216228e+01
2.593024569578894045e+01
2.425864715281277029e+01
2.208002766944171569e+01
2.301619133726723732e+01
2.523352614683729911e+01
2.884846395354512438e+01
2.889366475830650671e+01
3.105869411622473208e+01
3.331765655664776205e+01
3.755883673335664241e+01
4.345935377750359407e+01
4.135416362813924707e+01
5.161586285114169215e+01
7.603245657758293419e+01
1.277081721097426836e+01
6.916275654180616961e-01
2.654445667383961371e+00
4.473328937528227023e+00
2.565254999767077049e+00
2.571857209650167508e+00
3.120007545377049940e+00
3.828369567492587056e+00
3.617109749047258127e+00
3.623047995828014844e+00
4.486510964416191349e+00
3.627965205835883111e+00
5.932158665700982603e+00
8.246373958033720086e+00
8.679775599219176740e+00
5.423555828329222450e+00
3.792299046282729069e+00
3.132111977519841606e+00
7.354028507312531104e+00
6.596811342213266371e+00
5.762943778290726904e+00
7.850346348158174337e+00
8.085127237438795689e+00
7.998041870981094092e+00
1.134911197438249175e+01
6.433440652423382033e+00
1.031734114188660278e+01
1.004922373651476697e+01
1.079499439438611219e+01
1.852309794173979540e+01
6.763086454352688293e+00
5.845902760191608927e+00
8.244875331972096433e+00
1.035853037126356746e+01
1.162158941702431925e+01
1.060463466227863449e+01
1.113043420266907546e+01
1.124166607099735060e+01
1.177878415324291517e+01
1.351909257454475721e+01
1.366688038395398230e+01
1.393440759829043252e+01
1.772755022627612931e+01
1.916092628058489211e+01
3.129153486288743480e+01
1.097577452838866030e+01
8.700762066952055562e+00
1.221853369507865850e+01
1.366451568208597322e+01
1.723993070108675951e+01
2.064708940524550940e+01
1.734451070484021429e+01
1.854408572522013188e+01
2.187095485239375137e+01
2.221266225928125593e+01
1.830252206220590594e+01
2.477361187917421503e+01
2.783554064657737470e+01
3.032917534044840835e+01
3.519903201146259875e+01
1.308563523473002377e+01
1.390782357814912018e+01
1.772009786655198482e+01
2.065434694567841589e+01
2.190292999315159150e+01
2.203201761262728553e+01
2.238140610745077552e+01
2.693828032999578781e+01
2.508996125743951922e+01
2.965161065489713366e+01
3.029933049642783516e+01
3.289339563465537708e+01
3.480906430211303615e+01
3.980197563680274442e+01
4.479387506793771223e+01
7.158893192162689267e+00
2.818334489854380820e+01
2.310446733811843956e+01
2.730719040859048619e+01
2.622821123744524030e+01
2.633400897961393738e+01
2.760548230726508478e+01
3.029316855319044421e+01
2.992996566846730389e+01
3.379974304095286186e+01
3.289605732997472387e+01
4.293846858787059517e+01
4.980986459548033451e+01
5.822689046096367349e+01
7.191416166164263757e+01
1.105176527163022904e+01
2.431220851718796183e+01
2.711064159832831777e+01
2.988550338614889412e+01
3.458932699338091510e+01
3.168201124424255966e+01
3.780946665115511252e+01
4.366851755879629593e+01
4.489256203342470286e+01
4.176101217497125617e+01
5.004176089769655533e+01
5.051461314217610266e+01
5.709588314996747727e+01
7.109891168120512361e+01
9.057532778443759014e+01
2.200157218269121984e+01
2.401764727867614013e+01
2.733082056829578121e+01
3.581982168024178748e+01
3.877458727015251583e+01
4.338621362810108195e+01
4.133915457566515528e+01
4.802164865138330896e+01
4.835637288782474741e+01
4.962772916131491030e+01
5.032542266001233600e+01
5.750048526880716793e+01
6.978307733711035610e+01
8.997579195246281358e+01
1.108289573007856177e+02
2.001761415507012476e+00
3.286536800372710676e+00
4.596798575226798356e+00
4.013689932433238461e+00
4.911144487097846678e+00
5.559908870469566722e+00
4.805289830079796154e+00
7.454571778123344039e+00
8.347953461278944332e+00
8.856385431718724277e+00
5.456419127469796848e+00
7.719031783228560428e+00
7.114404285007004169e+00
8.209744892590578047e+00
8.538110974181840618e+00
1.566478993397381725e+00
4.577362725895966378e+00
5.503852038186623830e+00
9.140399118609344953e+00
9.699563809098918910e+00
9.681847719422107090e+00
1.302256332890564039e+01
1.194133576778506267e+01
1.139781387006842905e+01
1.281030517131418911e+01
1.413964330174993123e+01
1.458872869529433203e+01
1.422392960118901861e+01
2.244321571579534691e+01
3.548664159246033023e+01
2.070127183761309553e+01
1.275419910066343299e+01
1.643881671985640125e+01
1.631622430093502629e+01
1.521775662503759108e+01
1.844524595096240915e+01
1.834973149686635452e+01
1.960507827817276905e+01
1.719572733840800183e+01
2.261679279256852482e+01
2.761674597703082057e+01
2.204118430167749665e+01
3.659305763117768606e+01
3.928485920894796379e+01
5.163783480347975541e+01
1.693634837591768871e+01
1.799707678254521070e+01
2.021896903954818825e+01
2.204578549921562569e+01
2.489262610163388700e+01
2.859807190071265381e+01
2.583272428491057582e+01
3.168208975108800729e+01
3.143042672835974827e+01
3.106038199349270101e+01
2.797890557889694207e+01
3.694136381693017768e+01
4.582642220974592817e+01
5.489654605736724591e+01
9.286636794622589264e+01
3.753610581819514636e+01
2.768858537289614219e+01
2.756636987093219560e+01
2.900366867583375452e+01
3.330550407989689887e+01
3.812289835594613407e+01
3.605536305679431308e+01
4.100717508531851507e+01
4.312154136198075349e+01
4.583385211914055901e+01
5.275439852050167389e+01
4.497909847294712193e+01
6.019111475185802362e+01
7.521936709184676317e+01
1.048447299745455155e+02
7.527202712801952522e+00
2.803643221622164106e+01
3.681455229500415527e+01
3.977047820680109425e+01
4.247124391139753641e+01
5.030407898875929362e+01
4.693535354541162263e+01
4.779501029940750811e+01
4.840359575645758383e+01
5.624269170322121880e+01
5.797092365117058677e+01
6.447008375831580906e+01
7.158332794476737604e+01
9.306998054567546319e+01
1.086252497917827782e+02
3.218067977514433409e+01
3.843375500449871396e+01
4.291763961470221034e+01
4.922211094427647282e+01
4.928626411344045266e+01
5.366171035020948210e+01
5.963714444930057113e+01
5.874594419225775965e+01
6.072490925044572663e+01
6.950216592246788139e+01
6.942107767721397238e+01
7.855028916509941439e+01
9.850942062700167412e+01
1.155831870091818843e+02
1.583950495940864585e+02
5.556429347247051709e+01
3.401243079718541651e+01
5.500901585341197375e+01
5.785176885533248736e+01
5.735099206143003414e+01
6.543683256961692507e+01
6.484317856319582063e+01
6.374472565340201413e+01
6.927340819984992493e+01
7.610594352045032451e+01
7.896921087284354712e+01
8.287966249468456681e+01
1.043371243185638804e+02
1.442793845791062779e+02
1.710592729396648224e+02
2.824288312138796275e+00
5.899039093646372578e+00
3.602306640875341248e+00
6.831779214347932339e+00
9.182870688507644985e+00
8.001160127024224522e+00
4.305498478268707352e+00
7.558672806824218604e+00
8.298582029759728584e+00
8.321725039256749668e+00
8.430009711416387219e+00
1.044892141850636769e+01
1.715335913541992241e+01
1.629516570331470149e+01
1.516844565684197299e+01
1.972919446255732012e+01
1.380409467099349108e+01
1.175051878497571778e+01
1.199635332645607022e+01
1.449467602407048972e+01
2.097358537367366438e+01
1.930153678847386800e+01
2.033686742815234538e+01
1.723304889621800839e+01
1.949009242042209777e+01
2.352672610911456985e+01
2.593419783566591619e+01
2.708644075885015567e+01
3.750826216382526468e+01
3.701432325335606066e+01
1.463642551342755915e+01
1.612470838088863090e+01
1.755484429174060779e+01
2.080260769798565690e+01
2.269311036349365196e+01
2.523210143401679062e+01
2.559622140778695254e+01
2.655160862230659902e+01
3.444809482222786556e+01
3.351078212541428769e+01
3.527938948462904989e+01
3.929955285122640163e+01
4.125972539116749260e+01
6.915469942858229047e+01
7.793713531013860063e+01
6.396225693906852250e+00
2.308313278415524650e+01
2.101144006945959219e+01
3.393353914000728366e+01
3.414088373549596156e+01
3.952394638708359764e+01
4.218840527709463117e+01
4.178060121601304644e+01
4.454932097682461745e+01
4.879869142025547291e+01
5.072087576291947641e+01
6.149202408204776305e+01
7.063475507614199955e+01
8.630740106600380557e+01
8.347793334113664798e+01
2.361085373084749506e+01
3.126317734869980214e+01
4.301805440040767792e+01
4.292826288347824715e+01
4.960328686458391445e+01
5.784123615132334351e+01
5.590988667136597456e+01
5.788763059867650185e+01
6.032533218972524480e+01
6.569992628038043847e+01
6.907389181685265100e+01
8.275303502837120107e+01
8.044227725523641936e+01
1.030986538474292615e+02
1.117146474527082347e+02
3.477514945930913370e+01
4.774976440134627609e+01
5.978901387201791806e+01
5.420791577630596692e+01
6.012051996235304330e+01
6.984905667381920580e+01
7.337239344681705688e+01
7.561728078859489699e+01
7.496703276929267190e+01
7.631007095243094795e+01
8.373673132299146005e+01
9.942229147187937599e+01
1.088426221047235458e+02
1.343160628233805198e+02
1.748129055118676263e+02
4.631356545044212680e+01
5.652922339198556756e+01
6.150406715691350001e+01
6.862339823133977745e+01
7.560385247774007667e+01
7.762364937890106376e+01
7.641607074229550278e+01
8.632082746334067735e+01
8.798455958860122905e+01
9.488248858478975478e+01
9.708371207619245524e+01
1.177634687225927479e+02
1.308218970375328070e+02
1.571244666839364470e+02
2.427007578898636950e+02
4.251327454912516401e+01
7.375890168047965290e+01
7.525284407191993807e+01
8.517888249015787494e+01
8.359388591794818524e+01
8.144913421432818268e+01
9.466306684852798981e+01
1.004188605052787011e+02
1.040691252564696754e+02
1.139148531946295009e+02
1.117067396061994344e+02
1.312491137293323504e+02
1.470428936869741676e+02
1.913259308319154570e+02
2.512734979244894760e+02
5.503125935008699621e+00
8.954112045647184104e+00
7.558476415336165211e+00
8.663724901577241511e+00
1.171743020633879695e+01
1.156842530348787967e+01
1.080354673641767960e+01
1.094914545813074724e+01
1.567371082410508798e+01
1.710408143551198279e+01
1.270437226892912541e+01
2.332740744216099316e+01
2.045168326979984741e+01
2.453380329235125501e+01
2.558668867041185635e+01
8.330774203777986386e+00
1.705776536724287240e+01
2.093059553717235843e+01
1.726189404129772598e+01
2.562922111159010541e+01
2.134697199075618812e+01
2.252147082681681667e+01
2.116118794542348169e+01
2.734868352436970440e+01
2.215868746786224719e+01
2.723721516187201175e+01
3.653443968695827238e+01
4.934014310609678233e+01
4.186142166786022045e+01
5.496615419340061237e+01
1.986732852643577019e+01
2.399336413124634504e+01
3.211402898934916550e+01
3.100298057953240161e+01
3.604513831709215310e+01
3.626282973669423626e+01
4.651576401707067987e+01
4.188204545440861182e+01
4.318765741437987060e+01
5.482174857405815516e+01
4.629900996712751748e+01
5.522533154622755802e+01
7.133513110442149241e+01
8.852303681204642771e+01
8.482909887266170301e+01
6.236507217505671008e+01
4.074060262433370383e+01
3.808626323023510452e+01
4.473714004563773017e+01
5.368890534633621314e+01
5.413203491563413650e+01
5.836443402119567736e+01
5.954748623708455568e+01
6.692534465017192247e+01
6.986024711827809597e+01
6.716742387021177763e+01
8.171365745237706335e+01
9.301717800382050427e+01
1.405365360716172347e+02
1.270875149917698081e+02
1.787088524576206439e+01
4.711041824331007177e+01
5.822861190157946254e+01
6.194602054367351940e+01
6.691668348783110787e+01
7.729335481248178041e+01
7.960930374820794952e+01
8.795665432766909930e+01
9.142452824348725926e+01
9.407287436911384759e+01
1.043543789386520899e+02
1.128161155111165215e+02
1.280914787645215256e+02
1.575897801722324516e+02
2.124843140976338418e+02
3.931724313600633991e+01
6.082909518321230991e+01
6.704257242806468753e+01
8.075679133965900292e+01
8.307913986136797746e+01
9.487198961495819560e+01
9.685542722929056936e+01
1.027639720537388826e+02
1.076221973384863730e+02
1.134093158662252989e+02
1.204848134228690810e+02
1.435615121918749537e+02
1.494334185550164023e+02
1.998847491796911982e+02
2.596274566513559421e+02
1.210967138484565311e+02
9.890045148145637199e+01
9.204468274945773487e+01
8.357605289718100039e+01
9.750412164041537721e+01
1.047017016474137279e+02
1.113498943779590888e+02
1.153118450362410101e+02
1.192348844667154566e+02
1.299282437085705624e+02
1.561795525270771918e+02
1.467571524747148430e+02
1.682013038671380514e+02
2.235349283238190878e+02
2.447688510587494477e+02
8.709709944807856630e+01
9.527676440746633091e+01
9.077851031265738868e+01
1.045339382604805536e+02
1.112842792089238912e+02
1.177862987689778720e+02
1.219970775707735129e+02
1.320714936523412177e+02
1.298946895340052663e+02
1.513115150879984014e+02
1.715216933620886266e+02
1.637431802324559271e+02
1.973630100531889582e+02
2.565280900730352869e+02
3.246982988934143464e+02
2.254361889570707600e+00
1.091776319360880798e+01
1.377671068979794455e+01
1.377235403948700565e+01
1.116773296991207154e+01
1.350306619404000763e+01
1.789009215127158470e+01
1.681604214527494179e+01
2.483266905167452165e+01
2.413719362064929186e+01
2.910864004756616552e+01
2.912159362244646843e+01
3.384254350864439687e+01
4.374317472865895695e+01
6.847863714988365302e+01
3.855718655654180083e+01
1.210891861770103795e+01
1.557503439351403252e+01
2.481496388250818796e+01
2.866211675809962145e+01
2.636203478246625309e+01
3.728794903415735718e+01
4.519557929728257761e+01
4.385909817708589031e+01
3.511190182274589944e+01
4.447996468288505412e+01
6.359086261757283864e+01
5.932814589645165171e+01
1.002385036313117297e+02
7.693923023950267748e+01
2.326613980604054888e+01
3.702644921215215135e+01
3.932354900990974045e+01
5.099451899882570416e+01
5.225410058896646603e+01
5.748841271825671129e+01
5.364851242483423732e+01
6.489077955581863932e+01
5.568158877313501165e+01
5.933690855309079382e+01
8.514625404755196314e+01
8.749237953196420392e+01
8.518375402806077545e+01
1.335206559795252019e+02
2.647839832778665823e+02
1.060153161348732596e+02
5.145020358140408234e+01
5.817440875531738698e+01
6.163286702818692930e+01
8.233508965355503051e+01
7.612001457380405611e+01
8.206765836102103151e+01
8.718086540981502708e+01
8.634753412403105699e+01
1.101639567968459374e+02
1.149292370327491994e+02
1.230963400862994064e+02
1.343562773776674248e+02
2.145094482762855250e+02
1.433690770096318658e+02
5.064706847770766274e+01
5.418404367706036595e+01
9.263205762239023500e+01
8.935436204162701301e+01
8.725363067686116381e+01
9.354968465679664291e+01
1.021483545706794871e+02
1.094330289672034411e+02
1.116080924883812742e+02
1.344740550941908168e+02
1.488687268784065623e+02
1.581339352547412602e+02
1.933341017740050631e+02
2.290038600878445720e+02
3.140787245841061690e+02
7.118778976820827609e+01
8.546925536254585154e+01
9.071894019886997285e+01
9.474464129594753103e+01
1.110613973267197139e+02
1.156322964335201675e+02
1.231701214451376671e+02
1.315085257616115655e+02
1.473824377755524324e+02
1.407645374970910552e+02
1.533294472313500592e+02
1.832963662195110714e+02
2.090585799309398283e+02
2.620932477295266381e+02
3.320196318869911352e+02
1.315596087791228967e+02
7.856126849646071264e+01
1.065178461115848734e+02
1.133708050201213382e+02
1.190710314201875519e+02
1.347210607572082779e+02
1.376137917846203607e+02
1.502899904451616067e+02
1.483144954446933923e+02
1.589111881202451855e+02
1.691860378321619294e+02
1.969151233403644312e+02
2.116737957113993502e+02
2.915671075079495154e+02
3.013927708222418573e+02
1.082503221554323574e+02
1.123119205946868391e+02
1.108302452513880212e+02
1.223944248308246188e+02
1.434499717182595191e+02
1.395556155717317495e+02
1.501063586926286177e+02
1.584951429410581909e+02
1.733322678583594723e+02
1.882690403305874156e+02
2.028417698914130369e+02
2.194836565816257803e+02
2.425211860800507111e+02
3.131697309271764311e+02
3.969546066101440829e+02
3.194673261448549084e+01
1.983214824325155945e+01
1.483005759780485810e+01
1.936250038975556365e+01
1.494218792345346536e+01
2.189184863975444628e+01
2.617163184590300773e+01
2.660729002213399497e+01
3.163067164388099428e+01
3.414687187317455397e+01
3.973092323374098811e+01
3.562385357094249372e+01
5.089624739366537653e+01
6.699936517781986822e+01
5.088369235658677781e+01
3.881886364803672507e+01
2.684196660077671837e+01
3.660161695782181113e+01
3.692667300128478303e+01
4.293927973586970381e+01
3.702233070094704459e+01
5.131709606523196499e+01
5.097124373961027288e+01
5.606706409860689888e+01
5.587738398720466648e+01
6.953780124246273431e+01
7.452880083323525184e+01
7.982232497682099392e+01
9.195362009119735092e+01
2.315328095576932128e+02
6.729958031144228414e+00
3.312742854267624892e+01
6.512135818065925719e+01
6.135645965725555584e+01
6.703301141208608271e+01
5.851608713746855983e+01
8.389517674832271155e+01
8.152616808181029739e+01
8.071856572788992423e+01
9.954748293881799270e+01
9.814943294772780291e+01
1.096166958170951489e+02
1.555913331177942496e+02
1.659102201603612627e+02
2.312676665088118568e+02
1.481199625837200244e+02
5.587718163718551523e+01
7.215092632232375536e+01
9.211180443663684514e+01
9.399969997731577109e+01
1.028382908112847929e+02
1.022162487409166403e+02
1.154193355737613302e+02
1.083054056665134368e+02
1.179537190220945035e+02
1.294143196177616062e+02
1.451465553646885098e+02
1.721870955328064099e+02
2.478576479821568626e+02
2.389287030964968892e+02
4.164962552137563989e+01
8.471437761625806218e+01
8.981926749729927906e+01
9.290913772485843936e+01
1.099128023179886782e+02
1.202469979925875663e+02
1.299417847738208707e+02
1.312573687186930442e+02
1.529505625681844379e+02
1.590190227307556370e+02
1.408885996813719146e+02
1.768422476516851134e+02
1.962353079087163223e+02
2.435377790087528922e+02
3.687706235334474627e+02
8.707780935333204297e+01
1.150661928920962396e+02
9.785321116377075157e+01
1.328542376379214716e+02
1.184228611655658341e+02
1.321092942410650153e+02
1.577283748731989022e+02
1.512635113525884663e+02
1.649140470809694250e+02
1.757835763676667398e+02
1.762257310929027199e+02
2.125361624503628946e+02
2.398921249162973481e+02
2.828302592799494164e+02
4.635997703162220205e+02
8.875877065221978057e+01
1.187561021537016188e+02
1.180554586554163876e+02
1.375574596128864187e+02
1.472372321734370075e+02
1.538635367116308714e+02
1.640748637793506646e+02
1.693294608876365999e+02
1.731906151357123065e+02
1.810136318439784304e+02
2.212837975400338166e+02
2.236190665290276627e+02
2.675775131542766871e+02
3.209957986931190703e+02
4.175602311163169702e+02
7.741625751720097526e+01
1.191715297724024936e+02
1.450973718366484206e+02
1.445110996482758878e+02
1.468510158825523604e+02
1.602793875130766139e+02
1.820297635071217996e+02
1.671945210300191604e+02
1.888122495917089338e+02
1.878675361388474983e+02
2.136242714103448463e+02
2.354572094645020570e+02
2.523496438488595288e+02
3.545502179285866760e+02
4.846923609783076472e+02
8.434348258478847171e+00
1.949310980819041816e+01
3.528471417699677204e+01
1.925211241237098037e+01
2.482267574094369778e+01
2.665149090643611984e+01
3.334732832888744269e+01
3.111482069688411656e+01
3.335988354135582767e+01
3.565953768025772064e+01
3.319266049565982257e+01
3.197003673623676789e+01
6.531681655202920922e+01
7.468756617595022362e+01
9.037949124227348818e+01
2.167490994408790783e+01
3.772790060968060288e+01
2.916547856423878926e+01
4.067546322607658027e+01
6.326472102510017237e+01
6.174078496419047468e+01
5.791510621694646943e+01
5.389397104626057455e+01
6.335512004031158284e+01
7.912965942810411946e+01
8.177234913153337459e+01
1.196752204950504677e+02
1.116234788992677096e+02
1.493504416047459813e+02
3.300310516986052676e+02
1.335523534507937526e+01
7.978242958278779895e+01
7.954538593799995283e+01
7.592813781844284904e+01
6.833390713167243291e+01
7.677333795259475835e+01
9.285641762593127169e+01
9.851053618331472705e+01
9.591480762402656524e+01
1.155986844630413941e+02
1.280745936650286581e+02
1.315361921245462611e+02
1.500786106611013508e+02
2.709260223916675727e+02
3.078035277236064076e+02
5.954510109351827651e+01
5.858962837264625989e+01
7.067823593664228099e+01
1.154159256039637000e+02
1.064647503455108506e+02
1.078597229928727756e+02
1.251101502746946181e+02
1.277797124307794689e+02
1.234542496471333237e+02
1.330777746479708981e+02
1.476526205385530659e+02
1.877890001129725306e+02
2.584102708570068216e+02
2.985785876205401337e+02
5.135473688185019228e+02
6.867847091157871375e+01
9.823697246916860593e+01
1.105366767152407732e+02
1.248731684795578332e+02
1.234228296910633986e+02
1.467920866040417707e+02
1.673010425962073953e+02
1.577895752836674035e+02
1.692354548164277048e+02
1.895049186136035360e+02
1.819177301687249440e+02
2.173066988392290568e+02
2.374859989415370478e+02
3.490070106215815713e+02
4.014383102774502277e+02
3.697884983750947754e+02
9.838243549670571042e+01
1.087145353811968960e+02
1.176478447768956670e+02
1.430448456855913832e+02
1.450605134484562768e+02
1.613854439573684374e+02
1.668300825602461543e+02
1.610323286337834929e+02
1.967667275503451378e+02
2.171634020849819535e+02
2.122279224630723604e+02
2.914217093832307910e+02
3.443699702574337493e+02
3.655693259799505768e+02
1.296146070646269948e+02
1.258998703746394341e+02
1.064774631173007577e+02
1.502671760510104946e+02
1.553191656073705360e+02
1.572225387325077008e+02
1.690714825956065681e+02
2.001450430967574903e+02
1.957968303028298465e+02
1.995909240144934245e+02
2.206529155702589549e+02
2.294206160044180649e+02
2.774496960019487233e+02
3.475967821585164756e+02
5.539412536189136063e+02
1.083104917162212928e+02
1.303591490359809484e+02
1.354796572856262458e+02
1.331252339837750185e+02
1.541827486217362662e+02
1.576205913820505771e+02
1.637188936695573886e+02
1.880131380988050864e+02
1.884174826989596738e+02
2.060704867468712962e+02
2.093270409746097016e+02
2.519277924490356497e+02
2.646389645506842498e+02
3.661383471380814854e+02
4.505376460942815697e+02
3.616661918146123700e+00
1.922352589978097726e+01
2.045048168568530045e+01
1.057980990544352196e+01
3.786683839285286268e+01
3.094164625748405584e+01
3.830024704323224682e+01
2.677100745194857367e+01
2.801706995003874212e+01
3.907716673076613034e+01
3.837842252604013282e+01
4.578399830577598095e+01
8.856314992814229470e+01
8.422474152861738617e+01
1.537896267607178231e+02
3.738855223156013352e+01
2.096374457315229733e+01
4.110018660807757129e+01
3.210736812775005689e+01
4.706777306520553594e+01
8.488303257187247652e+01
5.077113151996106666e+01
6.095329842574135171e+01
5.734353434733991861e+01
7.958708384010679993e+01
6.721059118394055076e+01
7.533048577813748636e+01
1.176793135975917579e+02
1.203577444446427904e+02
3.304634517323169689e+02
8.135888167797637038e+01
4.411661806854488077e+01
7.139809377723169348e+01
5.764868615750916803e+01
7.480878092313948002e+01
7.787870116333951387e+01
7.834444448564242691e+01
8.862865530993234131e+01
9.926826125715204796e+01
1.166136643169280660e+02
1.230864692447447766e+02
1.456099276248687886e+02
1.748249496078630898e+02
2.278055097529913553e+02
3.319962332199594357e+02
1.248594357625354689e+01
8.194006913839984918e+01
9.759719780498278396e+01
9.457419600089413336e+01
1.093901495579758318e+02
1.121369636061420323e+02
1.160928153234283258e+02
1.378712414686361001e+02
1.306958195527567739e+02
1.365598877245430174e+02
1.559663271767112178e+02
1.863024376932388293e+02
1.809223014593808898e+02
2.994008554771016293e+02
4.152338449162153324e+02
8.279075041264127321e+01
7.460561970850872626e+01
1.018666535172882419e+02
1.173620977902814815e+02
1.148515578578925158e+02
1.160120533952775332e+02
1.302495892246228095e+02
1.483205021651089623e+02
1.431899924555464736e+02
1.641364888857074789e+02
1.728992911377629866e+02
2.035519015479349036e+02
2.231237907909944340e+02
3.619241870365494833e+02
6.741080170228037787e+02
6.279745260694098619e+01
1.005261011743872928e+02
9.976017129572484521e+01
1.234002851973510246e+02
1.263105132403798763e+02
1.377400110987682353e+02
1.452983194880031874e+02
1.565278184888805981e+02
1.857219275828901175e+02
1.702948754266259925e+02
2.134357957159306807e+02
2.158700944202264225e+02
2.561082991808373208e+02
3.545392038243483057e+02
3.344997802104740572e+02
2.227071517336605098e+02
8.950187400771407908e+01
1.070465263251741277e+02
1.199940432573151980e+02
1.235829136254668867e+02
1.569203153569648066e+02
1.673318885474659510e+02
1.679150091585416931e+02
1.622794152182270011e+02
1.955149580376459255e+02
1.958731729893282534e+02
2.252934984826721916e+02
2.903312941970950192e+02
3.168123968445347600e+02
7.188329135826651282e+02
2.037140715154732504e+02
1.143767492456652946e+02
1.272185850966977796e+02
1.142110615588505453e+02
1.447755861346831807e+02
1.349417389224816475e+02
1.536405833852683145e+02
1.595312939306174940e+02
1.743373231056669965e+02
1.682341854656937414e+02
1.940663698223102074e+02
2.209768845080355675e+02
2.692715701806417314e+02
3.221636572233119864e+02
6.897786671556792726e+02
0.000000000000000000e+00
2.760108376029480226e+01
2.261505813347639560e+01
5.012578619846757988e+01
3.567487890832915554e+01
2.680431973273111623e+01
2.314135121166506792e+01
4.479703906541764269e+01
2.957833114577692157e+01
5.488835737080400889e+01
4.747020445835701707e+01
6.204390349361796098e+01
8.277986257286406158e+01
1.420722868466812656e+02
1.181402232215343133e+02
1.578682680428387357e+02
2.779718406425770993e+01
6.810940858758404204e+01
4.820526515674269774e+01
5.053476659989743069e+01
4.430456207214555064e+01
5.276304632889166868e+01
7.402399577000632291e+01
6.579482597843666269e+01
8.716246298589125274e+01
7.468540853239973387e+01
1.066589723672604464e+02
1.407774108422374866e+02
2.090510527262973426e+02
2.453021069114955992e+02
5.559976550559351693e+01
3.515622998418405132e+01
4.031505982122138221e+01
5.645710310262924736e+01
8.673405435320484003e+01
8.923777229119863819e+01
7.350936493115349890e+01
8.036688321732219720e+01
1.120832587891075889e+02
1.043973346370018902e+02
1.071535825613022155e+02
1.376207432739521437e+02
1.763688748877923445e+02
2.471712077679625565e+02
2.697330686476857977e+02
2.394772974624623885e+01
6.722249742845735909e+01
7.220389579151975568e+01
7.688893902285167314e+01
1.010127587730778060e+02
1.188037953217588836e+02
1.008661176567334223e+02
9.675019908327429619e+01
1.480653247813010296e+02
1.286749627643364420e+02
1.405676111511099293e+02
1.650739109248873433e+02
2.225020963234613589e+02
2.724847380528741496e+02
4.598645094299496350e+02
1.137958348058773872e+01
5.176300962205309730e+01
6.871172859839973057e+01
9.078677255331113827e+01
9.477603518857414144e+01
1.117517150229523537e+02
1.209274126991619198e+02
1.270641809633889778e+02
1.693824489348303644e+02
1.472222435034869363e+02
1.506668001690604228e+02
1.768723148726504633e+02
2.134036564458688190e+02
2.869408937666626684e+02
5.640026963683214944e+02
7.206626500068877306e+01
6.553258794646878016e+01
7.933314109434985539e+01
9.642478612408403649e+01
1.085278006121634888e+02
1.083502119988547889e+02
1.105977504083451208e+02
1.387142973666970533e+02
1.430419421248844003e+02
1.553625284234276762e+02
1.765627068801370285e+02
1.795691525542116267e+02
2.006203052818640913e+02
2.838811554623234770e+02
3.333591220951835226e+02
3.755043767483918060e+01
5.620188566024661014e+01
5.511445749522131621e+01
9.195000470400619008e+01
9.365101301772185138e+01
1.019477061825073037e+02
1.162630408534515425e+02
1.324014172181517495e+02
1.413658536951422207e+02
1.320833256741010189e+02
1.550777928246559441e+02
1.717793403966761900e+02
2.348207382602718667e+02
2.641499813917133679e+02
3.865422031935237897e+02
0.000000000000000000e+00
6.477732322138027143e+01
6.680692003687336467e+01
8.742087290306325542e+01
7.955452455151815627e+01
1.094035209205778330e+02
1.212919448555635284e+02
1.272344326010104112e+02
1.335337343318756780e+02
1.237715694474412516e+02
1.539036359008839838e+02
1.771951064656575170e+02
1.913117994704003024e+02
2.303445908404170268e+02
2.225135308156934286e+02
8.869297755844690601e-01
1.423959906397132613e+01
3.554851977051590950e+01
1.622468035249447738e+01
2.507142340481024334e+01
2.719761714317010615e+01
4.201842579558147150e+01
1.808355240403686537e+01
2.629469982973071396e+01
5.028758501167332895e+01
3.789678514874404414e+01
6.831840566977233209e+01
8.370598540397224951e+01
1.143942424465458600e+02
1.906195350713745427e+02
7.289537189005535822e+01
1.964696850215271340e+01
4.728621305250218398e+01
4.258424085060745057e+01
4.252449855389154720e+01
5.539720242828673946e+01
4.660907307698972346e+01
4.539059656621063255e+01
7.181284588318517592e+01
7.214311442533499985e+01
7.817065773308914345e+01
1.452353798435568137e+02
1.683561627276361605e+02
2.100781153052427044e+02
3.362345744773398337e+02
9.393620609120985065e+00
2.885903808897155542e+01
3.870990286358832577e+01
6.337467118105787023e+01
7.451979698250309525e+01
6.424576083064293641e+01
7.530400698801828696e+01
8.179229410098081132e+01
7.457351953428315028e+01
8.814257992632080629e+01
1.099374003291941762e+02
1.316793614304415883e+02
1.100697515861082252e+02
2.746327523663081251e+02
4.283912718236474007e+02
1.055154707324169721e+02
2.060746219852045158e+01
6.182897437416654185e+01
7.207263941688121633e+01
4.864895024967240289e+01
7.116094394055639327e+01
1.222749287982370134e+02
1.032729254448505145e+02
1.203688345780429358e+02
1.317298103023137799e+02
1.087910647974092910e+02
1.510436855214566094e+02
1.721308302668088857e+02
2.126071521974751590e+02
3.382288026054373518e+02
1.656851142057546440e+02
6.471570540213168954e+01
3.991877848267685636e+01
7.854163711956230998e+01
9.467344035910922173e+01
9.618267021580729192e+01
9.547647794623996731e+01
1.048571587769083777e+02
9.762107330679067729e+01
1.272598584405220663e+02
1.574308108895766338e+02
1.570064965528409857e+02
1.645240765763425372e+02
2.108812063929759120e+02
2.504552409372620048e+02
0.000000000000000000e+00
4.323861184195313712e+01
5.483651060764881180e+01
6.005786833413299064e+01
8.099919126342541631e+01
1.010665303009252654e+02
1.049648755719727120e+02
1.127195045640327180e+02
1.000028544637206096e+02
1.238192102199639777e+02
1.369741405201261841e+02
1.157809132229316589e+02
1.332180641698091677e+02
2.407744260082125152e+02
4.285591018593783588e+02
0.000000000000000000e+00
7.505738038971900039e+01
5.080426292141710576e+01
7.214985453360147005e+01
6.904620606964722640e+01
9.880859510667499990e+01
9.493478742721836738e+01
9.882425734196883127e+01
8.796187674884723151e+01
1.011986013369391060e+02
1.359802582363818999e+02
1.286613194903453916e+02
1.547209478587961655e+02
2.128643365744256926e+02
1.338361403196527135e+02
9.018231093324189374e+01
4.273214669393006915e+01
2.864372259722302871e+01
5.799852610697775646e+01
5.550728848170899710e+01
7.055300500853007861e+01
7.523963712639172741e+01
8.849862981620866265e+01
8.626221622278929146e+01
7.851623699003516776e+01
1.017442765093257862e+02
1.174829083751279626e+02
1.189168898462835813e+02
1.994852124902501203e+02
2.272195126345595781e+02
0.000000000000000000e+00
4.667860090693700670e+00
4.255069397858254376e+01
5.493854893640875758e+00
9.939976018446037287e+00
3.491323653804506932e+01
2.491767789943454758e+01
2.416878948827201867e+01
2.839134118656125949e+01
3.639897197126201434e+01
3.530564479164269187e+01
3.198555686816916577e+01
7.773718599239852267e+01
1.085226274514936478e+02
1.124960833503806725e+02
1.219597069514638719e+02
9.110118758638479974e+00
3.181376881316879590e+01
3.056494536917827531e+01
3.673177837409304658e+01
3.186900671759101655e+01
4.613398572335054837e+01
4.967472650639626863e+01
5.167385418681835318e+01
6.037210021691507933e+01
8.689601139178523681e+01
1.491418471230871035e+02
8.490283420662670721e+01
2.270287777786854804e+02
1.893901922203934305e+02
1.442507174739232596e+02
8.188913822840174817e+01
5.666211900625329889e+01
5.409917607252944549e+01
3.818871016797784534e+01
5.154174788458606571e+01
5.024955237523676743e+01
6.616430109196363674e+01
6.977564643259647426e+01
6.503444993447295985e+01
8.692063405246099705e+01
9.412928836552224254e+01
1.283975347692999662e+02
2.130557691388043793e+02
1.682439995191734283e+02
7.859674116220534756e+01
2.806702581034136657e+01
1.703836751346048928e+01
6.734276666834986713e+01
5.008693023572660508e+01
4.827084294728948066e+01
6.338464771210570348e+01
5.980479032680412388e+01
8.826446452166905488e+01
6.936784760004994155e+01
9.612523872165412797e+01
1.188114717239746483e+02
1.690397703531285174e+02
2.073666824441052654e+02
7.842316528163992189e+02
0.000000000000000000e+00
9.783175930741844439e+00
2.651727473354694808e+01
3.859668357221583790e+01
5.550690646635337089e+01
8.712950483015332281e+01
6.677639129996049405e+01
6.207836327880023219e+01
7.871789214884958596e+01
6.745884663319664298e+01
8.757337200212778328e+01
9.665554210574192950e+01
1.306380825290952146e+02
1.258577867999798627e+02
1.585883255077626188e+02
0.000000000000000000e+00
5.133255543753812589e+01
2.260097597835251548e+01
3.703946848986231544e+01
6.089667561024523934e+01
5.789773838086671276e+01
7.406097890260822680e+01
7.816297147408326396e+01
5.587079506146648100e+01
6.529414961446167354e+01
1.010910865179942988e+02
8.555690946847489897e+01
1.282271627946967101e+02
1.729379319183663029e+02
1.840681416363608776e+02
1.775811466099021629e+01
3.400670861963355662e+01
5.828826974921491200e+01
3.973794611717364944e+01
4.855248232027080491e+01
4.396896401709661006e+01
5.009358832789810378e+01
6.165168778125369897e+01
6.200597308305679434e+01
5.700569686588888629e+01
9.097846247716327639e+01
9.991447562107835267e+01
1.001861933855601166e+02
2.204666289540399475e+02
1.909550575244201127e+02
0.000000000000000000e+00
3.151045889542293565e+01
1.978152181534764864e+01
6.172932299093048414e+01
4.060801680928112489e+01
5.205574544309719442e+01
6.364269808793680738e+01
4.875191897605866842e+01
5.018841341600781902e+01
6.588929740026392778e+01
7.782034011190381761e+01
6.853870773458882582e+01
1.106950729419005768e+02
1.435153843085288372e+02
1.578603125169049974e+02
0.000000000000000000e+00
0.000000000000000000e+00
1.262706801611437335e+01
1.872125464957071994e+00
3.305346979938299512e+01
7.364002091927606131e+00
2.448888579056062298e+01
1.064664525623154958e+02
3.576639742555268242e+01
2.410809390748119441e+01
3.686587145096012108e+01
4.370620458767399441e+01
4.735028498534077812e+01
1.400901001863478541e+02
1.170052292923259216e+02
0.000000000000000000e+00
2.612004164169348641e+01
1.662900593476732425e+01
1.638754264497275770e+01
2.565371531110732661e+01
5.596738746528732378e+01
1.283605013966504416e+01
5.448162657192422387e+01
8.105181667749369012e+01
9.490854446394307331e+01
8.098526775308289416e+01
5.129310511974567532e+01
5.706932007312311583e+01
2.235486818854384978e+02
1.990418697596850564e+02
0.000000000000000000e+00
1.538631543282989966e+01
1.812282398173066511e+01
4.143962062274771085e+01
4.364653337429881219e+01
5.343639585970512940e+01
4.474773991636514126e+01
4.587406664005988688e+01
3.207021175354559972e+01
9.049565022217618093e+01
5.998321565432251390e+01
5.216033246728764539e+01
1.555688687750820520e+02
1.744375522114218313e+02
3.327836261719824051e+02
0.000000000000000000e+00
3.249116952337251973e+01
5.709539833328944525e+01
3.836346451313777806e+01
3.814461795738468197e+01
3.436002391489055441e+01
4.997783625430525234e+01
5.676649508208461725e+01
5.205388685866693521e+01
6.365466142167669261e+01
3.279735251301384835e+01
9.105688176531934630e+01
7.784579608465854506e+01
1.567496861895482709e+02
1.602193872878287380e+02
0.000000000000000000e+00
1.999611981134229310e+01
3.464447327846123414e+01
2.207505431796866091e+01
3.734794925530864163e+01
5.281744402449358944e+01
5.059180924300314075e+01
4.723226344658034037e+01
3.719378563784849945e+01
6.638959308492543698e+01
5.284277394533926042e+01
7.419959036079337977e+01
1.020338905083106198e+02
1.134267333810035012e+02
1.157609569093193329e+02
0.000000000000000000e+00
2.147164708269174227e+01
4.096891364342720721e+01
2.785029244943583393e+01
4.178113374148733783e+01
4.401393186638032518e+01
3.480096736006912295e+01
4.909642805012520483e+01
4.226030818970703962e+01
4.158499872010848719e+01
3.218791203539016266e+01
3.727725090548807430e+01
5.929206303156288271e+01
1.034733400203398617e+02
9.132327117266233074e+01
0.000000000000000000e+00
1.224876773150087672e+01
1.778058224969468526e+01
2.494911142157644335e+01
2.868485502708065127e+01
2.749080171786166815e+01
3.770606679630584779e+01
3.458894987741788896e+01
2.755082464890324800e+01
2.390090925484183515e+01
2.009505928265882702e+01
6.203648440949127973e+01
6.816369524032300831e+01
8.725553043781800966e+01
5.958329400128534559e+01
0.000000000000000000e+00
6.928865610471613756e+00
1.443585858631714203e+01
3.383881048631975119e+01
1.989302901323997830e+01
2.491695990635580671e+01
3.790153271318879291e+01
2.295407495021855482e+01
2.921440726333307225e+01
3.048212441788253457e+01
4.076661564640747315e+01
4.263814445841721579e+01
5.604663835407728811e+01
6.556026148456963654e+01
6.334004006317147173e+01
